Date      Low     2      3      4      5      6      7      8      9    High 
192701  -3.32  -4.63   2.71  -0.53  -0.43   0.92   0.81   0.36  -0.43  -0.23
192702   7.49   6.01   8.22   7.51   3.76   4.14   2.81   3.28   4.26   6.97
192703  -3.20  -3.01  -3.97  -4.76  -0.48  -2.39   2.10   0.61   1.03   5.46
192704   1.53  -2.87  -2.47  -1.35   2.61  -0.13   2.13  -0.60   1.83   5.52
192705   3.98   4.38   5.00   3.26   6.24   5.88   4.66   6.59   8.18   6.25
192706  -6.42  -3.52  -3.14  -2.58  -2.34  -1.53  -2.01  -1.56  -2.47  -1.52
192707   4.20   4.53   4.22   5.20   8.33   6.95   8.52   7.05   6.45  13.15
192708  -0.55   0.35   1.42   1.77   2.44   1.55   2.34   2.42   0.35   5.52
192709  -0.27   3.02   3.38   4.32   4.17   5.07   4.76   4.44   5.63   7.32
192710  -6.01  -3.07  -1.91  -3.07  -2.67  -3.86  -3.21  -5.38  -5.27  -6.07
192711  13.52   6.17   5.22   6.43   5.97   4.80   7.70   7.99  10.23   6.36
192712   4.88   0.34   0.50   4.10   2.03   1.08   1.80   1.13   5.22   5.07
192801  -0.38  -1.31  -1.55  -0.94   0.21   0.13  -0.26   0.37  -1.48  -0.87
192802  -1.28  -1.09  -1.18  -1.62  -1.28  -0.21  -1.75  -2.80  -2.59   0.21
192803   7.55   6.90   6.65   4.48   4.13   7.91   6.33   7.19  20.32  12.76
192804   7.51   7.51  13.25   6.98   4.11   4.48   1.27   2.98   1.26   3.76
192805   3.08   1.91  -2.96  -0.85   1.32   1.01   2.75   0.65   3.11   5.16
192806  -7.75  -8.34  -3.99  -3.96  -4.07  -3.47  -5.62  -5.07  -4.30  -3.54
192807  -0.41  -0.96  -0.13   0.24   1.24   0.86   0.47   0.05   2.53   2.18
192808   7.49   3.24   3.91   4.64   6.28   6.53   7.42  10.64  11.08   8.79
192809   1.58   4.49   0.69   1.19   0.36   4.22   4.50   4.16   6.18   5.50
192810  -3.79  -1.31   2.28   0.04   0.89   1.31   0.99   5.17   1.53   7.30
192811   7.85   7.97   9.32  11.14  11.51  10.55  18.44  10.64   5.64  24.36
192812  -3.12   0.32  -0.67  -0.29  -0.58  -1.83   2.05   3.39   0.31   2.18
192901   5.82   2.26   3.14   5.80   6.12   2.85   4.13   8.57   6.44  -2.74
192902  -3.58   2.39  -0.76  -2.18  -0.18  -1.02  -0.29   0.35   0.74   3.53
192903  -0.64  -0.20  -0.42  -2.30   3.05   1.90   0.19  -2.25  -2.95   2.27
192904  -7.96   1.96  -0.13   1.35   0.31   2.32   2.61   4.30   2.92   0.82
192905 -10.19  -9.61  -3.76  -3.97  -1.25  -8.57  -3.73  -3.97  -5.84 -12.52
192906  -1.73   3.76   4.85   6.45   4.83   6.51  11.18  12.64  18.44   9.40
192907   2.67  -0.41   1.33  -1.02   5.07   5.38   7.40   4.44   4.90   5.68
192908  -0.64   1.84   4.41   3.19   4.22   7.38  11.64  11.91  13.95   8.42
192909  -9.16 -11.00  -6.00  -4.54  -3.70  -4.67  -2.23  -7.80  -5.73  -3.31
192910 -32.78 -26.70 -26.64 -17.71 -10.12 -14.45  -9.00 -15.47 -15.86 -27.58
192911 -16.02 -13.68 -13.98  -9.08  -8.40  -7.91  -8.20 -10.79 -12.49 -16.32
192912  -3.07  -8.19   0.19   2.87   0.57  -0.86  -4.05   2.05   2.11   4.68
193001  13.67   7.73   4.84   6.91   6.56   8.11   3.95   3.81   7.72   3.80
193002   2.54   0.44   3.38   1.49   3.52   1.51   0.87   3.27   2.27   3.53
193003  12.90   3.10  12.09   9.96   6.79   5.47   6.13   6.35   6.13   8.55
193004  -1.76   6.54 -10.09 -10.17  -4.66   1.49  -3.06  -3.37  -0.96  -1.54
193005  -0.44  -7.95   4.90   0.15   1.36  -2.61  -4.16  -1.23  -0.90  -0.87
193006 -26.16 -24.78 -16.75 -22.44 -16.83 -17.14 -13.74 -10.96 -13.53 -16.02
193007   4.81   6.01   5.48   5.24   8.96   4.94   4.94   3.20   1.40   4.68
193008  -4.30  -0.68  -3.18  -3.47   0.68   1.46   2.33   0.64   0.28   1.18
193009 -20.91 -23.08 -22.99 -15.88 -14.50 -12.08 -13.25  -8.71  -9.86 -12.50
193010 -17.90 -14.26 -16.46 -15.14 -11.03 -10.03  -6.87  -6.13  -9.03  -7.28
193011   1.08   4.58  -4.11  -1.36  -4.10  -3.30  -3.74  -0.90  -3.47  -1.80
193012 -27.28 -13.71 -17.95 -13.77 -10.69  -9.48  -9.34  -4.20  -5.16  -2.70
193101  23.24  17.63   9.03  11.35  10.65   4.26   4.80   4.48   5.89   5.58
193102  23.76  30.83  19.19  20.86  19.18  12.00  12.50   8.45   7.81   6.40
193103 -15.34 -14.98 -10.24 -10.74 -11.64  -5.07  -9.00  -4.85  -4.74  -1.76
193104 -26.00 -17.12 -18.33 -19.14 -15.58 -11.92 -10.57  -9.11  -6.06  -4.25
193105 -19.43 -19.43 -18.57 -13.94 -15.42 -14.80 -12.82 -13.21 -11.74  -9.94
193106  37.52  35.63  20.67  22.97  20.15  15.25  17.30  11.72  10.81   8.25
193107 -14.99 -12.19 -10.88 -11.80  -9.24  -9.50  -6.48  -5.37  -4.58  -1.43
193108   8.43  -0.97   5.83  -0.02   2.87   0.40  -5.40  -0.92   1.02  -0.41
193109 -40.90 -38.97 -35.32 -27.76 -31.58 -28.94 -34.55 -27.12 -27.28 -23.03
193110   1.41   8.22   4.49   2.55   6.37   8.99  10.69   5.78  10.00  11.56
193111 -13.65 -20.09 -14.37  -9.99 -15.22 -11.38  -8.88  -5.96  -6.70  -6.43
193112 -30.08 -23.87 -21.79 -22.85 -19.94 -14.49 -12.95  -9.80 -11.11  -6.72
193201  17.02   9.73   2.74   1.83   0.64  -3.02  -4.06  -3.46  -0.87  -1.01
193202   9.89  -0.90   6.62  -0.12   7.10   4.52   5.66   8.33   5.48   1.39
193203 -20.58 -23.11 -17.21 -15.07 -13.99 -12.21 -14.35  -9.73  -6.76  -3.58
193204 -24.78 -20.54 -23.35 -21.99 -18.03 -22.95 -23.89 -19.53 -13.69  -9.95
193205 -36.21 -39.30 -32.67 -21.50 -25.75 -24.95 -16.05 -18.01 -18.26 -13.56
193206   6.04   2.64  -1.11  -7.26  -4.26   2.23  -1.35  -3.38   6.63   1.33
193207  74.31  79.83  61.64  52.26  44.27  44.22  32.12  32.48  22.17  13.98
193208  93.96  75.75  66.30  49.54  60.42  43.45  33.68  26.28  23.16  15.06
193209  -5.52  -5.21  -6.37   1.53  -6.67  -0.48  -2.26  -2.75  -4.99  -4.90
193210 -18.89 -16.30 -21.58 -12.68  -9.48 -11.48 -12.81  -9.94 -14.46  -3.20
193211   1.87  -8.53  -8.52  -7.24  -2.44  -2.61  -3.02  -8.40  -5.63 -20.76
193212  -7.36   2.18   5.31   2.89   2.18   5.58   4.92   4.86   6.95   2.53
193301  -1.28   1.72   2.50   4.99   0.31   0.87   1.77  -1.14   5.25  -2.45
193302 -24.05 -19.47 -19.63 -20.26 -14.05 -14.44 -16.39 -11.22 -16.22 -16.08
193303  -2.95   8.39   6.95   8.92   5.52   3.44  -3.03   2.79   6.90   8.46
193304  69.56  51.75  51.84  62.10  34.38  46.63  37.19  27.92  32.91  28.87
193305  47.34  33.16  16.72  19.96  18.04  25.52  22.25  20.96  20.96  19.31
193306  23.60  10.28   8.22  13.78  11.64   9.13  12.21  17.31  18.78  16.90
193307  -6.38  -8.29 -10.95  -9.06 -11.87 -14.28 -10.86  -6.01 -10.41 -13.32
193308   5.51   5.43  11.13  13.35  14.87  17.78  19.12  18.41  22.51  17.77
193309 -19.15 -12.14  -9.37  -8.25  -9.14  -5.07 -11.69 -12.74 -12.15  -7.19
193310  -8.51  -7.56  -7.27 -10.33  -8.28  -8.61  -7.22 -10.24  -8.83  -8.25
193311  -1.26   2.25  11.97  11.94   8.27   9.38   9.92  21.58   9.43   6.61
193312   0.79   3.03  -1.63   0.37  -0.18   0.85   2.50   7.95   6.12   1.86
193401  22.55  13.02  12.14   9.57   8.80  15.23  14.32  10.86  10.11  12.37
193402  -1.64   0.44  -4.44  -0.77  -3.44  -1.93  -4.11  -3.29  -3.55   0.07
193403  -0.60  -0.18   0.41  -0.88  -0.18  -0.41   3.71  -0.15   1.70   0.82
193404  -0.22  -0.12  -0.30  -3.12  -3.49  -0.68  -3.34  -4.40  -5.74  -8.06
193405  -5.77  -6.42  -5.80  -5.26  -9.58  -9.61  -8.72  -6.90 -11.56  -8.45
193406   1.85   5.25   2.62   3.25   1.59   3.33   2.64   0.75   2.86   2.66
193407 -27.03 -16.60 -18.38 -14.40 -13.49  -9.08  -8.85  -8.07  -7.31  -9.82
193408   2.76   2.61   7.02   6.38   5.16   5.13   6.28   4.85   6.63   8.30
193409   1.60  -0.18   1.57  -1.28  -0.94  -0.83  -1.04   1.22   0.33  -0.92
193410  -6.53  -5.12  -4.59  -3.83  -3.06  -1.06  -0.68  -2.46   0.98   3.50
193411  13.96  10.32   3.81  11.40   7.74   5.93  10.40   7.69  10.76  13.65
193412  -0.41  -3.71  -2.25   1.23   1.26  -0.02  -0.98   0.12   2.86   3.38
193501  -6.88  -6.04  -7.69  -5.11  -4.08  -0.70  -2.64  -1.70  -0.88  -0.59
193502 -21.26 -12.86  -7.07  -8.21  -5.32  -3.09  -1.12   1.95   3.93   3.27
193503   1.38  -3.96  -9.27  -7.10  -0.29  -6.19  -2.77  -2.96  -4.68  -1.27
193504   8.85  15.44  11.30  13.42  11.28   7.91   9.57   7.43   7.93   6.44
193505   4.75  11.01   3.97   2.86   7.40   4.91   2.91   4.05   2.61   1.51
193506  -0.01   5.07  11.85   7.77   8.81   5.25   4.77   5.06   6.40   6.58
193507  11.37  15.15  13.41  12.38   6.51   8.13   7.26   7.19   5.46   6.52
193508  20.68  23.24   3.44  -0.49  -0.40   3.30   3.93   2.73   0.82   3.53
193509 -12.40   1.03  -3.91   0.36  -1.12   3.19   4.07   2.69   4.90   8.73
193510   7.71   8.39   3.59   8.64   5.82   3.88   6.72   8.21   8.60  12.11
193511  18.85   6.04   6.97   5.08   3.68   2.52   5.88   3.47   5.91   2.97
193512  -0.38   5.85   4.50   4.14   6.93   2.22   1.81   3.38   5.84   8.10
193601  11.54   8.94   6.21   8.93   5.63   7.61   5.82   5.55   5.85  12.58
193602   2.17   0.43   1.35   0.22   6.39   2.93   3.31   3.79   1.94   1.32
193603  -1.04  -1.00   0.66   0.62   0.80  -1.54   5.52  -1.60   1.02   5.65
193604  -2.88  -4.54  -7.92  -7.52  -6.57 -10.13 -12.35 -10.83 -12.40 -12.49
193605   4.74   4.05   4.00   4.77   6.89   3.39   7.46   4.92   7.91   8.50
193606   3.16   2.08   1.62   1.46   2.57   3.24   1.82   4.16   3.90  -0.83
193607   0.99   2.92   4.23   7.11   9.00   8.51  11.65   5.28  12.25   9.68
193608   1.06   0.46  -0.22   1.88   3.50  -0.67  -1.03  -0.33   2.37  -0.33
193609   1.45  -0.65   2.58  -0.33  -0.42   2.71   1.04   0.99   3.35   1.59
193610   7.20   3.86   4.87   6.54   5.90   8.22   9.49   5.44  11.97   7.77
193611   1.87   5.13   2.65   3.66   3.34   2.51   1.19   5.53   2.25   3.12
193612  -1.38  -0.47  -0.03   0.46  -0.86  -0.71  -0.19   0.21   3.61   4.02
193701   0.45   4.60   4.36   2.36   2.11   4.98   2.64   5.13   1.56   4.56
193702  -0.37   1.12  -0.11   0.18  -0.28  -0.57   1.41   3.12   6.22   3.21
193703  -1.68  -1.45  -1.26  -1.69  -1.68  -1.50   2.06   5.12  -0.19   3.53
193704 -10.79  -6.82  -6.08  -6.08  -5.12  -6.16  -4.87  -8.08 -13.75 -14.75
193705  -1.94  -1.22   0.95  -0.20   0.18  -1.61  -2.53  -0.76   0.39  -1.94
193706  -4.69  -3.89  -4.12  -4.39  -4.22  -4.81  -4.76  -2.16  -4.43  -6.96
193707  11.66  11.15   6.94   6.49   8.07   8.49   9.24   9.19  11.63   9.79
193708  -8.50  -3.14  -5.23  -3.10  -4.83  -4.53  -3.00  -5.66  -6.88  -7.42
193709 -17.13  -9.75 -10.90  -7.12 -11.49 -14.34 -15.52 -18.74 -19.07 -20.60
193710  -6.22 -10.20  -7.02  -9.61  -8.78  -8.76  -8.47  -9.82 -11.76 -12.25
193711  -2.80  -8.74  -4.03  -9.77  -7.92  -9.64  -8.80  -5.00 -10.17 -10.94
193712 -16.02  -5.98  -8.01 -11.93  -9.47  -3.01  -2.98  -2.57  -2.04  -0.80
193801   7.44   4.69  -0.86   1.16  -1.05   4.00   2.06   0.39  -0.67  -1.04
193802   9.16   9.81   5.89   9.48   5.97   7.45   7.55   8.26   6.82   1.68
193803 -42.19 -40.39 -33.58 -32.54 -31.37 -30.91 -25.71 -25.02 -22.83 -17.31
193804  24.80  24.39  22.34  17.36  16.77  19.13  16.68  14.88  11.99  13.84
193805  -8.11  -8.87 -11.39  -8.24  -8.26  -7.77  -5.61  -6.22  -3.07   0.75
193806  43.79  43.33  42.63  40.65  39.77  35.30  32.01  27.45  16.42  10.45
193807  22.58   7.18  10.34  13.72  10.83   7.67  13.13   5.85   4.00   4.85
193808  -7.76  -5.26  -4.91  -8.12  -3.50  -5.07   0.28  -4.29  -2.11  -1.26
193809  -4.25  -0.10  -2.34  -0.41  -0.79   0.94   1.77   1.54   1.35   0.15
193810  22.37  14.89  16.63   9.58   6.84   6.19   6.64   6.48   7.56   6.82
193811 -10.71  -5.35  -3.90  -3.60  -2.46  -1.82  -0.84  -1.93  -0.61  -1.43
193812   0.98   4.45   6.02   3.37   4.28   3.82   4.56   3.64   2.87   8.76
193901  -4.19  -6.66  -3.16  -5.10  -6.95  -8.04  -6.43  -5.24  -7.78  -9.19
193902  -0.65   0.28   4.76   3.44   1.61   2.59   4.03   5.28   5.35   4.70
193903 -16.60 -10.35 -15.54 -11.20 -15.69 -11.77  -7.70  -8.32 -15.68 -18.24
193904   0.47  -0.63  -0.40  -1.64   1.12  -1.21  -1.64   0.62   0.00   2.20
193905   3.56   6.84   4.24   5.31   4.95   7.50   7.29   6.65   8.46   8.81
193906 -12.46  -5.27  -6.72  -4.91  -7.10  -5.47  -4.17  -5.21  -4.15  -6.10
193907  10.21  16.71  11.82  10.24   9.63  11.13   9.79   8.02   9.83  13.39
193908 -15.31 -12.88 -11.87 -11.45  -7.16  -7.15  -7.40  -6.83  -5.03  -4.21
193909  52.50  42.73  33.69  25.46  30.09  21.98  14.72  10.13   8.57   7.93
193910  -7.05  -2.96  -3.82  -3.89  -3.46  -0.09  -1.03   0.72   1.54   4.96
193911  -6.44  -6.99  -3.30  -2.66  -3.25  -5.74  -1.90  -2.56  -3.91  -6.59
193912  -0.73   0.07  -0.29   1.77   3.98   3.16   3.44   3.63   4.17   7.21
194001  -0.96  -3.25  -3.40  -3.29  -6.15  -2.58  -2.29  -2.02  -0.25   0.01
194002  -1.88  -0.74   0.75   0.76   0.19   2.88   1.49   1.26   2.10   5.18
194003   2.96   0.39   3.49   2.02   2.76   1.74   1.46   2.49   0.93   4.38
194004  -4.19   0.02  -1.94  -0.86   0.81   0.69  -0.62   0.88   4.54   3.67
194005 -26.15 -28.07 -25.75 -18.45 -20.85 -22.48 -22.09 -21.17 -25.08 -28.30
194006   9.40   7.56   5.56   7.96   6.04   7.94   9.17   1.67   4.84   6.28
194007   1.38   3.57   4.46   3.61   1.96   4.19   2.21   3.49   2.75   4.44
194008   6.73   3.75   3.99   1.46   2.06   1.84   3.94   0.80   0.67   2.20
194009   1.88   1.17   4.57   1.18   2.49   2.57   2.52   3.01   3.01   0.64
194010   4.73  12.96   8.07  11.08   6.07   1.62   3.80   1.31  -0.54   2.69
194011  -1.66  -3.60   0.16  -1.45   1.19  -1.51  -4.68  -1.83  -0.71  -0.69
194012  -4.25   0.63  -0.04   0.88   0.21   0.63   0.95   0.97   1.14   1.83
194101   0.82  -1.70  -1.50  -3.17  -4.53  -4.76  -5.66  -5.19  -3.48  -5.11
194102  -2.28  -3.74  -1.12  -1.21  -1.55  -1.56  -1.24  -2.12  -0.15  -2.35
194103  -3.33   0.08  -0.85   1.79   0.16  -0.14   0.50   2.29   2.55  -0.68
194104 -11.78  -8.46  -7.16  -3.90  -3.85  -7.49  -5.31  -5.53  -3.29  -4.81
194105   1.40  -1.05  -1.03   1.31   1.72   2.61   0.28   1.87   2.52   1.29
194106   5.40   6.05   6.54   7.59   5.22   4.00   6.41   4.74   5.45   4.02
194107   9.67   6.90   5.38   2.76   3.33   7.24  10.08   9.57   9.26   8.22
194108  -2.19   0.69   0.25  -0.60   1.18  -0.10  -0.30  -1.10  -1.36  -0.46
194109   1.72   0.29  -0.89  -0.78  -1.01  -0.30  -2.35  -1.81  -3.89  -0.63
194110 -10.87  -7.95  -5.58  -5.97  -5.89  -7.12  -3.90  -2.30  -0.38   1.73
194111  -9.08  -0.92  -3.53  -2.99  -3.44  -3.42   0.62   2.29  -0.01   0.49
194112 -10.08  -5.04  -6.47  -0.75  -5.04  -1.71  -1.56  -6.42  -7.96  -8.06
194201  10.65   5.80   3.69   4.90  -3.13   3.11  -3.65  -0.42   2.86   0.34
194202  -0.68  -0.46  -2.76  -0.18  -2.89  -3.93  -4.08  -2.73  -3.52  -2.88
194203 -12.56  -5.10  -5.61  -7.83  -6.85  -7.39  -5.71  -5.89  -7.41  -5.46
194204   0.70  -4.72  -3.98  -3.89  -6.62  -3.76  -5.55  -6.00  -4.96  -1.80
194205   9.51  10.72   6.27   6.58   4.20   7.07   5.31   0.54   3.87   0.92
194206   2.54   5.05   1.47   3.67   3.21   1.93   4.63   1.54   1.64   1.20
194207   2.86   0.55   3.97   2.50   3.20   4.97   5.12   2.18   4.03   7.28
194208   1.97   1.06   3.26   1.58   1.32   2.06   1.46   1.97   2.75   1.36
194209   5.18   2.71   3.27   1.55   2.10   3.15   2.64   2.58   2.98   5.50
194210  14.11  10.99   7.34   6.43   6.60   5.39   6.00   6.61   7.77   7.29
194211  -1.52   0.62   2.69  -0.10  -1.00  -1.35   0.63  -0.98  -0.96  -1.59
194212   2.88   3.53   2.34   4.74   8.15   4.66   7.52   7.87   5.36   6.42
194301  10.92   7.66   7.52   4.82   8.43   7.97   7.18   5.99   8.20   9.04
194302  15.04   4.34   5.53   6.19   6.17   3.71   5.91   5.16   8.50   9.29
194303   9.10   6.75   2.68   6.40   4.00   6.36   5.32   9.28   9.85  12.44
194304  -2.71  -1.68   1.25  -0.26   0.41  -0.94   0.98   2.47   4.44  12.94
194305   3.77   5.08   4.88   5.76   5.08   6.75   6.58   6.25   7.75  15.85
194306   2.04   0.72   2.96   3.51   1.75   2.88   1.47   3.62   0.97  -3.61
194307  -1.82  -4.90  -4.46  -4.03  -5.49  -6.20  -5.74  -4.48  -7.81 -13.43
194308   0.56   0.55   0.92   1.78   3.17   1.50   2.82  -0.13   2.84  -1.14
194309   1.00   2.09   2.18   2.92   2.87   2.36   2.97   1.63   3.39   6.08
194310  -0.01  -1.06  -0.80  -1.30  -1.18  -1.57  -2.39  -0.25  -1.82   0.33
194311  -7.60  -5.28  -3.58  -5.23  -6.27  -6.65  -3.80  -9.02 -11.01 -14.29
194312   3.83   5.94   4.72   7.17   8.64   6.94   9.36  12.11  12.34  15.60
194401   0.85   2.36   1.14   3.83   1.36   1.67   1.95   4.70   1.29   3.13
194402   0.93  -0.69  -0.40   1.87   0.37   1.40   0.47   0.25   0.20   0.18
194403   0.92   2.14   1.83   2.25   1.71   3.34   3.75   2.68   6.64   7.73
194404  -3.86  -1.84  -1.65  -2.26  -1.45  -1.60  -1.03  -1.09  -1.75  -2.46
194405   3.36   3.50   4.26   5.68   3.69   5.79   5.87   6.90   6.59   5.92
194406  14.58  11.57   5.57   6.12   4.62   4.17   4.93   5.39   5.84   2.56
194407  -2.61  -1.40  -1.29  -1.95  -1.32  -0.31  -2.89  -1.07  -1.10  -2.57
194408  -0.43   0.68   0.85   2.56   1.11   1.85   2.97   3.96   5.60   6.96
194409  -0.27   0.03   0.75  -0.34   0.62  -0.35  -1.67  -0.77  -0.57  -1.96
194410   1.82   0.44   0.87   0.03  -0.06  -1.12  -0.84  -0.92  -1.76  -2.63
194411   1.72   1.43   0.93   2.36   1.44   2.06   2.02   2.89   2.28   3.49
194412   3.85   1.68   4.65   3.47   3.74   6.05   9.14   8.75   9.41   9.88
194501   3.27   0.67   2.85   2.18   2.28   0.92   2.77   1.57   2.98   3.27
194502   6.25   5.17   4.84   6.12   5.94   8.03   7.38   9.48   7.35  10.87
194503  -2.09  -3.79  -3.55  -4.09  -4.41  -4.36  -5.58  -5.88  -6.56  -5.59
194504   4.64   7.22   8.05   7.56   9.31  10.55   9.33   8.68  12.60  14.53
194505   2.49   1.46   2.11   1.25   0.57   1.74   2.05   2.20   3.05   1.75
194506   0.38  -1.03  -0.29  -0.40  -1.40   0.55   1.80   2.96   6.73   7.93
194507  -2.49  -0.60  -2.93  -0.95  -2.17  -1.84  -2.01  -2.81  -5.46  -8.29
194508   7.69   5.72   5.70   7.43   7.06   7.36   5.88   5.06   3.94   2.96
194509   6.23   5.22   2.40   4.67   4.72   5.22   5.75   6.19   8.06   8.23
194510   5.23   3.16   3.17   4.80   2.16   6.34   2.95   3.94   3.88   9.14
194511   4.33   4.51   1.91   6.37   4.22   7.27   7.85  11.21  11.92   8.88
194512   0.39   1.44   0.49   0.30   1.08   1.65   0.95   2.40   3.27   5.75
194601   4.79   4.35   5.00   6.61  11.59   6.52   8.93   9.71   5.18  11.36
194602  -4.45  -5.57  -6.05  -5.21  -5.71  -5.41  -8.11  -6.78  -7.72  -6.62
194603   8.09   2.98   6.74   5.35   6.22   5.68   7.52   8.98   7.29   8.34
194604   4.65   3.90   3.49   3.03   4.56   5.05   4.58   6.83   5.05   4.77
194605   4.96   3.88   2.84   4.92   4.17   3.76   4.92   2.50   5.69   3.17
194606  -4.41  -1.57  -1.65  -4.19  -5.14  -4.73  -5.75  -5.24  -6.51  -4.36
194607  -3.80  -1.89  -2.62  -2.10  -2.99  -3.43  -2.84  -3.52  -3.51  -2.46
194608  -7.67  -6.72  -7.05  -5.33  -5.36  -5.64  -6.99  -7.69  -5.84  -6.67
194609 -14.52 -11.46  -7.41  -9.54  -8.13 -10.24  -8.50  -9.86 -10.61 -14.32
194610  -2.84  -2.74  -1.47  -2.45  -0.13  -0.16  -0.49  -0.40  -1.30  -1.63
194611  -3.93  -2.02   1.55  -1.57   0.75   2.52   1.53  -0.69  -1.46   0.32
194612   3.80   3.56   6.39   3.51   5.79   4.64   5.14   3.70   4.50   7.49
194701   5.79   4.57   8.63   4.82   1.95   2.05   1.24  -0.66  -2.47  -2.99
194702   0.04  -2.24   0.73  -1.65  -0.33  -1.65   0.18  -1.24  -1.62  -2.40
194703  -6.95  -4.44  -3.38  -2.80  -1.22  -1.23  -1.91  -0.63  -0.30  -0.16
194704 -11.50  -8.84  -8.29  -6.76  -4.39  -4.35  -3.42  -2.31  -5.78  -4.39
194705  -6.99  -3.08  -3.68  -1.50   0.46  -0.01  -1.27  -0.34  -0.75  -0.45
194706   7.42   4.67   5.91   7.21   4.42   6.36   6.37   5.70   4.21   5.23
194707   9.05   9.67   5.93   7.04   6.51   4.40   5.64   3.69   2.11   3.81
194708  -5.51  -4.36  -3.04  -2.05  -3.26  -2.59  -0.82  -0.41  -1.02  -2.45
194709   3.82  -0.89  -0.44  -0.66   0.11   0.03  -0.26  -1.73  -0.58  -0.08
194710  -0.54   2.18   2.81   1.37   0.91   3.33   3.64   2.45   2.80   4.49
194711  -5.79  -4.17  -4.92  -3.99  -1.59  -2.65  -0.13  -0.24  -1.48  -0.41
194712  -0.42   0.45   1.30   2.93   1.66   2.79   4.48   4.03   3.48   5.33
194801  -0.15  -0.24  -1.72  -1.59  -2.37  -4.42  -4.76  -4.39  -6.20  -4.71
194802  -8.10  -6.76  -5.24  -4.79  -2.88  -4.43  -5.29  -3.59  -4.25  -3.66
194803  14.70  11.57   7.19  11.18   7.14   5.29   6.80   9.14   8.28  12.84
194804   0.47   1.14   2.08   2.01   2.80   1.37   3.36   5.05   6.97   7.03
194805   7.27   6.63   4.20   9.49   7.79   8.06   5.48   7.65  10.02   7.76
194806  -5.19  -1.82  -0.37  -0.76  -1.41   1.62   0.36   1.07   0.04   3.30
194807  -3.30  -3.96  -3.46  -4.48  -5.80  -5.41  -5.66  -5.25  -6.03  -6.08
194808   1.15   0.92   0.68  -0.44   0.59   1.26  -0.21  -0.13   0.82  -0.18
194809  -6.35  -3.23  -1.27  -1.78  -1.66  -2.93  -3.06  -3.36  -3.96  -5.93
194810   4.05   4.95   5.18   4.04   3.56   5.57   8.11   7.35   7.14   7.07
194811 -15.85  -8.74 -11.28  -7.45  -7.72  -8.23  -8.03 -11.05  -9.80 -11.72
194812  -0.58   0.45   0.13   5.17   2.37   2.81   2.11   4.27   4.37   5.51
194901   5.91   3.64   0.71   2.14   1.48  -0.14   1.41  -0.68  -1.52  -1.65
194902  -5.27  -3.01  -3.47  -1.55  -1.59  -3.33  -1.63  -2.55  -3.96  -4.20
194903   9.04   5.50   4.76   4.67   2.60   3.58   4.37   4.17   3.80   6.84
194904  -4.73  -5.44  -3.71  -3.52  -1.78  -0.64  -2.40  -1.31  -1.60  -0.43
194905  -6.81  -4.86  -4.27  -3.94  -3.72  -3.58  -1.90  -3.14  -1.20  -2.21
194906   1.30  -0.01   1.90   1.36   0.26  -1.12  -0.22   1.05  -0.37  -0.48
194907   7.11   7.07   6.98   6.60   6.23   5.65   6.52   5.35   4.01   4.80
194908   2.45   3.30   0.98   3.24   3.45   2.90   1.63   2.51   3.79   2.57
194909   6.05   5.93   5.17   2.85   2.74   3.33   1.91   2.80   2.66   4.67
194910   3.96   2.84   3.00   3.11   4.08   2.57   3.04   3.06   2.16   5.18
194911  -0.82   0.50   2.72  -1.20   1.35   1.45   2.82   2.24   2.83   3.67
194912  10.56   5.62   6.82   4.50   3.22   3.92   5.60   6.79   4.68   6.44
195001   5.80   4.71   2.87   1.99   0.96   0.79   0.41   1.99   1.44   2.85
195002  -0.49   0.52   0.23   0.71   1.23   1.62   1.65   2.77   2.86   2.06
195003  -2.57   2.24   1.72   1.73   0.55   0.83   0.59   2.91   0.01   1.87
195004   5.27   4.27   2.47   2.68   4.31   2.63   3.15   3.87   8.65   3.28
195005   3.08   4.47   4.98   3.28   4.45   4.10   3.82   4.27   6.10   3.54
195006  -5.92  -5.01  -5.13  -5.12  -4.92  -7.69  -6.47  -6.55  -5.53  -7.25
195007   3.00   6.70  -1.16   2.72   4.08   3.76   1.88   0.93  -0.84   0.39
195008   3.38   1.78   3.67   3.65   3.43   4.44   5.24   5.42   7.90   7.95
195009   6.29   5.43   4.57   5.74   4.23   3.44   4.65   5.10   5.96   3.87
195010  -1.02  -2.33   0.60  -0.23  -0.01  -0.43   0.22   0.61   0.49   1.70
195011  -1.58  -0.19   0.25   4.25   3.93   7.59   1.93   4.27   6.11   1.46
195012   1.75   2.40   3.29   6.06   7.36   5.67   7.24   8.40   4.50   9.57
195101   5.77   5.20   3.90   2.53   7.38   3.38   6.78   5.78   7.78   6.37
195102   2.22   2.01   3.27   1.47   2.28   2.01   1.63   0.90  -0.04  -0.72
195103  -0.08  -2.03  -1.36  -0.06  -2.37  -3.35  -0.87  -3.01  -3.34  -4.66
195104   0.57   0.57   1.93   2.41   3.57   7.32   6.13   8.85   8.39   7.80
195105  -1.30  -0.89  -0.35  -2.57  -2.34  -2.44  -3.76  -1.83  -2.49  -3.73
195106  -2.01  -0.86  -1.51  -3.07  -2.12  -4.35  -2.04  -3.90  -0.52  -3.99
195107   3.65   3.87   4.60   5.69   4.14   6.49   9.18  10.85  12.07  11.91
195108   4.18   4.86   2.80   4.66   3.47   6.55   4.02   5.59   4.62   2.06
195109   0.12   0.67   0.06   2.15   1.71   1.17   2.01   2.13  -0.11  -0.94
195110  -2.34  -2.10  -1.49  -1.69  -1.53  -3.68  -5.08  -4.39  -2.11   0.58
195111   0.41   1.09   0.46   1.25   0.88   0.19   1.09   0.69   0.18   0.88
195112   1.76   1.32   2.65   0.94   4.72   2.67   4.04   4.66   3.77   5.11
195201   1.61   1.00   1.87  -0.84   0.07   2.57   0.10   2.44   3.17   3.92
195202  -3.46  -2.93  -2.59  -1.53  -2.30  -1.01  -1.82  -2.07  -3.22  -3.98
195203   2.98   3.80   3.47   2.75   2.05   5.94   2.87   3.78   5.37   7.36
195204  -6.13  -3.79  -3.55  -5.04  -2.22  -3.80  -3.17  -4.05  -7.17  -7.64
195205   2.48   4.60   2.77   2.75   1.96   3.98   3.40   3.48   3.03   3.79
195206   2.46   2.77   3.05   4.27   3.63   2.37   4.63   3.88   4.79   4.79
195207   2.10   2.42   0.83   1.13   1.26   1.67   0.84   1.83   0.57  -0.41
195208  -0.65  -0.76  -0.75  -0.41  -0.40  -0.86   0.22  -0.35  -1.63   0.42
195209  -4.05  -3.46  -2.84  -2.14  -1.45  -1.99  -1.39  -0.95  -2.12  -0.90
195210  -2.18  -2.83  -1.74  -1.58  -1.39  -0.02   0.02  -0.02   0.55  -0.92
195211   8.15   6.10   5.39   5.62   6.61   5.75   4.70   6.30   7.18   6.61
195212   0.61   2.32   2.39   1.53   2.90   2.70   3.26   3.63   2.37   5.11
195301  -0.84  -0.30  -1.04  -0.50  -1.79   1.57   0.47  -0.53   0.26  -0.35
195302   0.23   0.15  -0.45  -0.41   0.19   0.10  -0.80   0.48   0.23  -0.62
195303  -1.54  -1.70  -0.92  -0.83  -0.12  -1.31  -1.05  -1.46  -0.40  -3.81
195304  -5.87  -4.42  -3.86  -2.92  -1.76  -1.74  -2.73  -1.21  -1.82  -1.83
195305  -1.40   1.42   0.83   0.54  -0.31   0.38   0.76   1.19   0.92   1.51
195306  -3.07  -0.30  -1.45  -2.23  -1.91  -2.00  -0.81  -2.83  -1.78  -2.37
195307   1.76   3.69   2.54   2.66   1.74   3.01   2.17   2.47   2.55   2.18
195308  -6.84  -5.43  -5.10  -5.78  -3.05  -4.39  -3.12  -4.39  -2.80  -5.76
195309  -2.66  -1.41  -0.44  -0.87   0.07   0.68   0.30   1.04   2.75   1.32
195310   2.10   5.16   5.39   3.90   6.10   4.59   4.28   3.84   5.22   3.69
195311   1.95   1.05   1.43   2.25   2.60   3.21   2.77   3.67   3.76   4.70
195312  -5.04  -3.04  -2.44  -1.41   0.37  -0.01   1.37   1.66   0.99   1.19
195401   7.40  10.71   8.97   6.19   6.59   6.16   2.56   3.79   3.55   4.85
195402   0.92   0.80   1.42   0.58   1.23   1.11   2.49   1.22   2.06   3.49
195403   3.28   3.36   2.08   1.54   3.08   3.04   2.50   3.08   5.52   7.23
195404  -6.54  -1.21   1.47   2.69   2.18   4.53   3.81   6.50   3.90   8.13
195405  10.40   3.63   6.17   4.63   3.23   3.11   4.21   3.85   1.77   0.96
195406  -1.37  -2.73  -1.31   0.49   0.53   1.56   0.81  -0.43  -0.59   4.86
195407   6.11   4.96   4.46   7.48   4.33   4.53   8.20   4.39   5.07   2.84
195408  -0.72  -2.34  -1.90  -1.96  -1.26  -0.05  -2.55  -3.00  -2.88  -4.18
195409   5.04   5.19   6.41   3.73   3.24   6.97   5.62   9.41   6.62   7.14
195410  -2.67  -0.94  -1.43  -2.10  -3.45  -1.45  -2.37  -1.08   0.19  -0.34
195411   9.05   7.60   5.96   8.91   6.78  10.14  10.53  11.59  10.06  10.75
195412  11.13   7.22   3.31   5.59   4.50   6.44   5.08   6.16   5.31   6.52
195501  -0.63   0.16   0.47   1.03  -0.84  -1.32   1.78   0.11   3.12   4.16
195502   2.36   4.16   2.43   2.73   3.05   3.16   2.08   3.20   4.02   3.70
195503  -0.01  -0.73   0.01  -0.77   0.45   0.38  -1.24  -0.33   3.15   1.76
195504   2.37   2.59   1.76   2.74   2.47   3.36   5.22   2.21   1.93   2.82
195505  -0.70   1.40  -0.07   1.28   0.71   1.73   2.23   2.78  -0.16   1.96
195506   5.62   2.89   3.05   7.72   8.71   4.79   7.81  10.47   9.32   8.21
195507   0.48   0.51   1.96   0.97   0.60   3.13   9.45  -1.78  -0.36  -0.39
195508   0.15  -1.15   0.36   0.23   2.04   1.29  -1.34  -0.83   1.49   3.83
195509  -2.39  -2.04  -0.28  -1.33  -2.60  -0.94  -0.86  -0.64  -1.23   5.48
195510  -2.38  -1.15  -2.02  -1.62  -3.48  -1.07  -1.32  -3.86  -2.35  -5.26
195511   6.47   5.55   3.47   4.27   9.67   5.64   7.50   9.02   8.37   9.01
195512   2.14   2.59   4.01   0.09   2.51   0.81   2.42   2.91   0.85  -1.01
195601  -2.62  -2.50  -0.08   0.32  -0.94  -2.36  -3.91  -2.88  -3.44  -5.94
195602   3.69   2.25   2.37   2.70   2.43   4.57   5.01   4.59   3.95   5.37
195603   1.05   6.27   4.29   4.68   4.68   6.79   7.15   8.55   8.65   6.64
195604  -1.52  -1.84  -0.82   0.24  -0.73  -0.93   0.08  -0.14   1.53   1.92
195605  -6.24  -3.00  -2.10  -2.32  -2.80  -4.34  -4.98  -5.99  -6.36  -5.54
195606   1.26   1.74   2.95   1.50   1.80   1.87   4.04   5.35   6.38   3.36
195607   2.64   3.25   3.21   4.47   5.54   4.68   5.48   4.58   5.74   8.05
195608  -1.08  -1.96  -3.27  -1.99  -0.79  -1.65  -2.03  -5.07  -3.85  -4.62
195609  -2.46  -4.76  -4.80  -4.36  -3.25  -2.39  -5.32  -6.35  -6.20  -6.88
195610  -0.39   0.36   0.44  -0.50  -0.52   1.24   1.43   1.51   1.72   1.18
195611  -1.75  -3.37  -0.29   0.48   0.63  -1.30   0.32   3.19   1.82   2.57
195612   1.55   3.08   2.12   2.54   2.53   2.98   3.46   4.27   2.96   7.39
195701  -0.91  -2.95  -0.77  -1.91  -2.34  -3.81  -2.33  -3.17  -6.30  -5.59
195702  -3.83  -2.95  -1.27  -0.22  -0.43  -1.78  -1.27  -2.80  -4.06  -0.85
195703   3.61   1.34   1.80   2.94   3.47   2.67   2.31   1.91   1.79   3.93
195704   3.83   3.55   4.98   6.08   4.45   2.03   3.29   4.29   4.27   7.05
195705   3.00   4.32   2.60   3.15   5.37   2.90   1.52   5.01   3.34   5.60
195706  -0.03  -0.71  -0.82  -2.22  -0.96  -0.78  -0.59   1.07  -2.89   2.40
195707  -1.84  -0.84   2.11   3.50  -0.12   0.46   1.16   1.45   0.50  -1.07
195708  -8.79  -5.23  -5.60  -3.44  -4.96  -1.44  -4.89  -5.47  -5.69  -6.94
195709  -7.85  -5.60  -5.22  -5.43  -4.82  -4.33  -4.71  -6.49  -6.90  -5.89
195710  -7.94  -6.52  -5.65  -3.79  -2.87  -4.86  -3.58  -4.79  -3.26  -3.10
195711   5.24   1.85   3.55  -2.25   1.65   2.34   4.60   1.12   4.78   6.60
195712 -11.62  -9.42  -8.63  -6.58  -4.27  -3.84  -1.70  -0.84  -1.24  -2.52
195801  14.03   8.98   9.07   5.00   6.45   4.30   4.61   3.31   3.44   2.23
195802  -4.76  -3.26  -2.58  -3.01  -0.17  -2.45  -1.82  -1.19  -0.18   0.20
195803   4.74   7.81   5.30   1.06   4.06   2.64   2.08   2.32   2.40   4.92
195804   2.42   0.24   2.39   1.89   5.48   5.17   2.40   2.32   2.77   3.50
195805   3.31   4.11   4.24   3.90   0.03   1.99   2.23   3.42   1.82   1.29
195806   4.46   4.81   2.51   3.57   3.03   2.62   1.62   2.76   2.61   3.36
195807  12.29   9.40   0.52   6.63   6.31   6.94   1.94   2.69   1.92   1.71
195808   2.75   2.80   2.25   1.50   2.13   2.33   2.48   1.28  -0.01   2.42
195809   7.36   4.90   4.99   5.01   4.55   4.27   5.41   2.32   5.56   5.62
195810   4.13  -0.15   2.34   1.20   3.51   2.96   3.39   5.11   4.69   6.14
195811   0.33   2.90   2.49   3.65   2.15   4.07   3.13   2.92   5.18   6.88
195812   5.59   3.13   8.40   4.47   5.31   5.42   5.35   3.89   6.37   5.27
195901   0.45   0.86   1.54   2.49   0.87  -0.20   0.93   1.76   0.89   0.47
195902   0.25  -1.09  -1.21   2.00   2.29   2.05  -1.71   3.59   3.19   4.19
195903   0.52   1.11   0.79   1.65  -0.07  -0.49   1.17  -0.68   0.34   3.90
195904   0.87   2.93   3.52   2.02   4.02   5.12   5.05   5.28   5.29   8.73
195905   0.69  -0.81   2.56   3.19   1.06   0.31   4.47   7.59   0.88   0.16
195906  -1.26  -2.52   0.06   0.92   0.03  -0.87  -0.55   1.67   0.77   5.83
195907   4.29   3.50   3.28   3.73   3.56   5.15   3.80   3.38   1.69  -0.32
195908  -3.15  -2.52  -0.40   1.62  -0.70  -0.60  -0.43  -3.14  -1.05  -2.39
195909  -6.49  -6.70  -3.38  -3.81  -4.68  -3.26  -4.79  -4.06  -3.99  -5.18
195910   0.48  -0.54   1.71   2.29   1.02  -0.15   0.59   4.07   1.05   8.72
195911  -0.18  -0.04   1.49   0.64   1.28   1.52   3.29   0.27   4.67   6.38
195912   1.85   4.31   1.77   1.11   3.91   2.74   3.91   3.71   1.86   1.08
196001  -5.48  -5.92  -4.00  -6.52  -3.12  -7.65  -9.55  -8.68  -6.35  -7.86
196002  -1.90  -2.93  -1.36   0.79  -0.18   4.73  -0.23   3.52   0.97   6.49
196003  -4.93  -1.53  -0.45  -3.01  -2.43   0.22  -1.54  -1.52   0.55  -1.31
196004  -3.68  -3.17  -1.96  -2.75  -1.01  -1.05  -3.46  -0.33  -1.01   1.35
196005   1.57  -0.05  -0.69   2.53   1.36   2.08   3.24   2.62   7.93   8.78
196006  -0.89   3.92   1.31   1.08   2.80   2.13   2.97   2.10   3.22   3.11
196007  -2.72  -0.41  -0.80  -2.21  -1.92  -4.12  -2.65  -2.90  -1.35  -3.58
196008   4.55   0.75   2.52   2.95   2.05   2.66   3.84   3.46   4.43   2.99
196009  -6.51  -6.33  -3.52  -5.65  -5.82  -6.07  -5.26  -7.59  -5.42  -7.77
196010  -2.62  -0.89  -1.17  -0.78   0.31  -0.92   1.55   0.96  -0.33  -1.17
196011   1.69   3.72   3.17   1.49   5.22   4.46   5.68   5.54   4.93   9.35
196012   7.54   2.89   3.69   2.12   5.00   3.22   4.06   5.46   6.10   7.99
196101   8.77   9.33   5.74   8.33   7.81   6.43   6.24   4.10   6.24   4.55
196102   7.80   4.05   3.92   1.13   5.34   3.52   3.94   3.00   3.80   4.91
196103   4.76   1.41   1.00   1.66   1.84   2.69   2.49   1.66   5.93   4.51
196104  -6.17  -0.27  -2.36  -0.66  -0.10   0.67   4.03   1.82   0.73   0.60
196105   7.43   3.82   1.44   3.19   3.95   2.87   1.88   1.20   3.20   1.34
196106  -4.42  -3.59  -1.41  -3.71  -2.27  -2.34  -3.05  -3.19  -2.70  -2.08
196107   1.48   1.99   3.35   3.45   3.26   2.74   2.75   4.34   2.54   1.82
196108   2.40   2.41   0.87   1.16   2.61   3.69   2.45   2.60   5.00   6.55
196109  -0.72  -4.54  -1.02  -3.28  -2.27  -0.87  -1.84  -1.53  -2.74  -2.47
196110   1.16  -0.56   2.75   1.53   2.81   3.00   2.10   4.82   4.18   3.65
196111   4.88   3.08   3.81   3.98   5.16   4.24   6.38   4.08   2.69   8.57
196112   3.17   0.64  -0.77   1.86   2.44   1.69   0.67  -3.12  -0.99  -4.38
196201  -3.93  -2.69  -3.62  -2.29   0.49  -4.46  -2.78  -3.54  -5.71  -6.31
196202  -0.70   1.00   1.40   1.82   3.87   3.43   3.90   0.24   0.53   1.81
196203  -0.85  -2.33  -0.68  -0.48  -0.20   0.05  -0.73  -0.04   0.85  -2.27
196204  -8.48  -9.37  -8.34  -6.03  -5.87  -4.29  -9.66  -5.22  -5.33  -4.36
196205 -11.11  -8.42  -8.52  -7.75  -8.84  -7.27 -10.07  -7.61  -7.45 -10.83
196206 -13.96 -12.83 -12.06 -10.18 -10.18  -7.80  -7.91  -7.28  -5.54  -5.70
196207   8.98   4.63   3.13   8.33   6.07   7.18   4.96   7.51   6.33   6.19
196208   5.48   1.47   2.20   0.70   0.89   1.27   3.35   3.86   2.47   2.59
196209  -8.06  -7.22  -6.67  -8.33  -5.04  -4.91  -4.81  -3.98  -3.01  -2.00
196210  -1.34   0.69  -0.66  -0.87   0.33   2.05   1.31  -1.26   1.26  -0.26
196211  17.69  16.49  15.14  12.83  12.38  10.34   8.76   9.16  10.30   8.22
196212  -1.70  -2.61  -1.03   0.06  -1.43   0.79   2.52   2.40   1.92   4.66
196301   4.88   7.92   6.77   6.32   4.03   5.85   4.63   5.06   5.09   3.35
196302  -3.74  -2.30  -3.80  -2.83  -3.02  -2.82  -1.13  -1.39  -2.34  -1.60
196303   2.00   2.21   3.95   2.39   2.41   2.24   2.93   3.10   4.51   5.25
196304   3.55   7.75   4.14   5.12   4.14   4.04   5.10   4.47   4.22   5.05
196305   2.94   2.28   2.85   1.48   1.04   1.65   1.36   3.37   1.61   3.13
196306  -1.81  -2.80  -3.07  -1.26  -1.92  -3.67  -2.37  -0.29  -0.67  -2.12
196307  -2.77  -1.10  -1.04  -0.45  -1.03   1.65  -0.81   0.51  -0.48   0.22
196308   6.01   4.55   5.80   4.58   5.87   5.17   5.10   4.01   6.46   9.22
196309  -3.24  -2.74  -1.35   1.55  -1.72  -1.40  -0.61  -2.88  -2.62  -2.05
196310   1.82   1.71   0.03   1.83   2.79   2.80   1.06   0.89   8.25   5.28
196311   0.07  -1.41  -0.49   1.91  -1.09  -1.02   0.50  -4.09  -1.06  -0.09
196312  -2.44  -0.72   1.90   2.13   2.30   2.40   2.49   3.46   2.86   0.73
196401   0.97   0.95   0.18   1.73   2.73   2.23   4.08   4.03   1.87   1.95
196402   1.78   2.70   1.07   1.48   2.02   1.77   2.23   1.22   1.73   3.62
196403   0.49   1.95   2.30   1.65   0.74   1.47   2.48   1.02   2.16   3.58
196404  -0.54   2.02   0.55  -0.40   1.21   1.60   0.22   0.93  -0.40  -0.41
196405   0.25  -0.42   0.72   0.45   1.88   0.41   1.16   3.15   2.11   4.19
196406   1.11   1.66   1.04   1.48   1.93   2.57   0.09   2.50   0.25   0.98
196407   1.93   1.92   3.41   3.01   3.51   2.52   0.10   3.06   2.06   0.70
196408  -1.32   0.49  -1.11  -0.07  -1.32  -1.93  -1.51  -1.07  -1.73  -0.91
196409   5.77   3.02   3.74   3.06   2.58   2.34   1.80   3.74   2.24   6.37
196410   1.52   1.78   1.31   0.60   0.67  -0.47   1.89   0.71   1.02   0.01
196411  -3.05   0.32   0.76  -0.22  -0.31   0.20   0.00   1.79  -0.19   0.07
196412  -0.20  -0.25   2.37  -0.02  -0.80   1.10  -0.05   0.71  -1.19  -0.94
196501   7.79   1.75   5.93   4.54   4.83   5.17   2.94   3.07   2.02   4.63
196502   2.47   1.68   1.33   1.22   0.22  -0.81  -0.34   0.93  -0.25   2.95
196503  -1.12  -1.10  -0.12  -1.36  -0.75  -1.40  -2.04  -0.46  -0.69   0.32
196504   2.72   3.04   1.62   3.22   2.18   1.70   2.98   5.74   5.37   5.76
196505  -1.17   0.50  -1.21   0.22   0.59  -0.67  -2.24   0.98  -0.71  -0.81
196506  -3.42  -4.18  -3.26  -4.36  -5.49  -4.62  -6.26  -7.28  -7.78  -9.53
196507   0.94   0.10   0.32   2.65   1.28   0.07   2.89   3.09   6.18   7.47
196508   4.71   0.93   2.81   2.71   2.38   2.72   1.32   3.30   6.73   7.71
196509   1.90   2.67   1.72   1.49   4.89   1.29   3.18   5.98   5.58   4.93
196510   3.86   2.62   0.41   4.00   1.69   1.55   2.79   5.11   4.23   7.74
196511  -1.24   0.73  -0.88  -2.08  -2.47   0.37   2.69   1.29   1.45   8.51
196512   3.33   1.36   0.75   1.00   0.23   1.47   1.01   0.82   1.44   4.10
196601  -0.31  -0.71  -2.38   0.16   1.26   0.73   1.83   4.30   4.56   9.12
196602  -2.57  -2.34  -2.05  -2.02  -0.79  -2.22  -0.58  -0.21   1.48   8.31
196603  -3.82  -1.75  -2.56  -4.36  -0.90  -1.38  -1.77  -1.00  -1.10   1.05
196604   1.54   0.28   0.81   0.70   3.28   4.36   3.94   4.52   6.04   5.17
196605  -3.28  -3.98  -4.73  -3.95  -4.43  -4.59  -7.93  -6.14  -7.18 -11.03
196606  -1.52  -1.92  -2.25  -2.54  -1.44  -2.14  -0.50   1.50   0.55   3.60
196607  -1.78   0.59  -0.56  -0.92  -2.70  -3.08  -0.04  -2.96  -0.37  -2.15
196608  -5.01  -7.16  -7.55  -6.77  -8.51  -7.54  -7.62  -8.95  -9.62  -9.06
196609  -3.55  -0.22   2.54   0.53  -0.72   2.32  -1.88  -1.37  -2.28  -4.84
196610   2.31   8.18   7.15   6.85   6.37   4.86   5.24   0.40   0.94  -5.44
196611  -1.00  -1.87  -1.46  -2.46   1.76   7.49   1.95   3.23   7.29  12.11
196612   2.67  -0.25  -0.28   0.63  -1.26   0.51   1.54   0.46   0.05   1.42
196701  14.20  15.13  12.50  11.01   6.38   5.90   6.28   7.23   6.84   8.52
196702   0.33  -1.82  -1.10   0.12   0.16   1.35   1.11   0.01   1.99   5.27
196703   2.81   3.66   4.74   4.66   4.62   3.98   5.33   3.79   4.02   6.40
196704   6.59   6.67   5.44   3.87   3.25   2.42   0.47   3.65   5.30   6.42
196705  -6.95  -2.45  -5.02  -3.14  -1.85  -3.19  -5.12  -3.59  -3.77  -3.15
196706   2.47   0.21   1.69   1.82  -0.46   2.48   1.94   3.60   6.16   8.35
196707  10.04   5.72   6.20   1.24   3.23   4.63   6.11   5.63   4.66   7.34
196708  -0.17  -1.04  -0.39  -0.32   0.01  -0.57   0.14  -0.79  -1.14  -1.77
196709   4.34   2.21   2.41   3.13   1.94   3.01   2.54   5.24   5.36   4.50
196710  -4.02  -3.13  -4.49  -3.55  -5.64  -2.47  -2.03   2.56  -1.89   0.67
196711   1.35   0.63  -0.61  -0.58  -1.79   1.48   2.68   2.41   0.93   1.14
196712   2.37   3.86   2.21   3.99   2.54   3.32   2.60   2.15   5.52   9.09
196801   0.01  -1.93  -1.26  -4.85  -3.39  -4.82  -6.35  -6.11  -5.63  -7.12
196802  -3.60  -1.98  -2.00  -1.95  -2.22  -4.63  -1.97  -6.69  -3.34  -9.04
196803  -1.96   0.27  -1.17  -1.43   0.88   1.65  -0.65   4.96   1.29   2.73
196804  10.96   6.58   6.23   8.37   8.51   8.05   9.93  11.65  13.74  19.51
196805   1.63   0.77   1.44   0.28   4.01   3.22   0.10   5.19   4.01  10.27
196806   1.78   3.86   1.99   0.42   1.40   0.37   0.99  -0.24  -0.89   0.88
196807  -2.36  -1.62  -1.52  -3.56   2.40  -3.05  -4.14  -3.85  -3.45  -4.41
196808   0.95   1.56   1.48   0.57   2.00   1.86   2.68   1.25   3.81   4.71
196809   6.95   6.87   4.13   3.24   4.21   3.90   2.93   2.03   5.68  10.04
196810   1.85   1.38   2.97   2.01   1.20  -0.20  -0.93  -0.26   2.73  -1.61
196811   8.55   7.05   2.92   5.36   6.55   4.27   4.30   7.72   7.85  10.03
196812  -4.88  -4.15  -3.99  -3.99  -2.23  -3.48  -3.17  -2.51  -3.54  -3.57
196901  -2.79   1.37  -1.91   0.19   0.06  -1.37  -0.10  -1.75  -0.49  -1.88
196902  -7.82  -5.00  -2.26  -6.30  -4.73  -5.91  -7.05  -7.64  -6.65 -10.14
196903  -1.14   3.82   1.00   3.03   3.49   4.51   4.74   4.58   4.01   5.57
196904   0.32   3.58   1.83   2.58  -0.09   1.34   2.45   2.25   2.37   3.53
196905  -2.76  -0.63  -0.35   0.17   1.34   0.18   1.30   0.77  -0.48   2.88
196906 -11.87  -6.94  -0.68  -6.49  -5.26  -7.48  -6.44  -6.27  -8.90 -11.28
196907 -12.21 -11.66  -5.21  -4.48  -5.22  -4.55  -7.11  -5.22  -7.86  -7.44
196908   6.41   4.49   3.43   3.33   3.56   5.54   3.90   3.55   7.17  10.50
196909  -4.46  -2.90  -4.36  -2.94  -4.10  -4.11  -1.43  -0.90  -1.95  -2.82
196910  10.64   9.29   9.43   3.74   4.42   6.17   6.23   3.21   4.60   6.72
196911  -6.91  -5.91  -4.67  -4.91  -5.36  -4.30  -4.27  -2.58  -2.24  -0.54
196912  -8.09  -6.34  -5.20  -3.78  -3.25  -3.25  -2.08  -3.07   0.99   1.37
197001  -6.64  -7.65  -9.34 -12.18  -7.06  -9.02  -6.27  -7.30  -5.86  -7.05
197002   3.66   4.51   6.62   6.70   7.05   5.28   5.95   8.00   6.73   3.19
197003  -3.86  -2.64  -0.49   0.27   1.87   2.00   2.85   1.16  -1.70  -2.96
197004 -17.43 -12.99  -8.39 -12.53  -9.85  -9.58  -8.54 -10.09 -10.19 -11.41
197005  -9.72  -4.78  -1.03  -0.92  -7.54  -8.56  -6.44  -6.62  -8.38  -6.52
197006 -11.43 -12.05  -6.45  -3.34  -5.18  -5.90  -6.35  -6.05  -5.06  -0.93
197007   4.73  12.30  10.30  10.92   9.24  10.76   5.45   7.60   5.96   4.26
197008  13.09   9.30   8.90   7.23   6.92   5.81   4.39   5.56   2.34   1.75
197009  22.94  12.38   7.68   8.24   6.75   5.46   1.89   2.62   1.29   4.15
197010 -14.78 -10.97  -4.66  -3.47  -1.12  -1.54  -0.54  -1.43   0.56  -1.22
197011  -1.43   5.09   2.66   3.82   5.31   5.25   4.37   5.94   5.90   5.74
197012   5.69  10.72   7.92   7.84   7.66   7.05   7.82   6.52   4.43   3.32
197101  13.45  11.46  11.16   8.05   3.50   6.51   6.22   3.06   4.10   2.13
197102   4.92   0.07   1.41   2.29   1.88  -0.58   1.65   1.28   1.37   3.98
197103   7.95   6.26   5.77   5.99   2.06   3.97   2.62   3.97   3.56   5.16
197104   3.78   2.51   4.81   0.28   3.50   3.78   4.50   5.25   5.28   4.99
197105  -5.84  -4.74  -1.83  -3.38  -5.25  -2.23  -3.23  -5.34  -2.81  -2.94
197106  -3.11   0.16   1.66  -0.02  -0.06  -0.14   0.24  -0.33   2.51   2.61
197107  -4.97  -3.73  -1.51  -5.33  -3.14  -2.93  -3.31  -5.36  -8.14  -6.22
197108   2.36   1.03   3.91   2.66   2.83   7.30   5.79   4.71   5.44   8.79
197109  -3.65  -0.96  -1.17  -1.44   1.07   0.79  -0.34  -0.55  -0.65   0.45
197110  -9.19  -4.00  -2.69  -2.25  -3.51  -3.61  -4.41  -4.42  -5.99  -4.09
197111  -3.45  -1.41   0.33   0.37  -0.42   0.21   0.81  -0.57   0.08   1.06
197112  11.78  10.68   9.00   7.76   8.18   9.40   8.49   8.68   9.93  10.84
197201   6.45  -0.43   1.46   4.35   2.09   3.21   2.58   1.91   2.05   5.90
197202   4.78   3.71  -0.21  -0.17   1.67   1.94   4.91   3.32   5.05   5.58
197203  -1.74  -2.79  -0.52  -1.68  -0.83   2.81   1.16   0.64   3.29   1.37
197204  -2.15   0.66  -1.47  -0.87  -1.26   1.29   1.14   0.25   2.68   1.26
197205  -1.79   0.71  -1.06   1.77  -0.97  -0.01   1.61   1.66   3.49   5.44
197206  -5.96  -4.04  -3.04  -2.33  -1.37  -2.32  -2.34  -2.65  -1.40   0.61
197207  -4.74  -2.67  -3.46  -1.03   0.71  -1.54  -1.30   1.24   1.99  -0.29
197208   4.40   9.25   7.36   6.57   5.26   7.06   2.42   1.11   2.10  -1.54
197209  -4.33  -3.29  -1.51  -0.98   1.64  -2.36  -2.41  -0.41  -0.14   0.49
197210  -3.37   0.05   1.24  -0.17   2.28   1.34   2.60   0.34  -0.05   1.71
197211   9.43   8.66   9.40   7.61   8.38   8.55   5.36   2.18   2.28   1.48
197212  -4.27  -3.08  -1.77  -1.52  -0.75  -0.94   1.51   1.88   2.17   5.31
197301 -10.82  -8.22  -5.86  -5.30  -5.31  -4.29   1.64  -0.98  -1.17  -2.97
197302  -9.26  -8.86  -8.68  -4.14  -4.20  -4.70  -3.04  -3.58  -2.34  -5.11
197303  -4.01  -3.31  -2.63  -3.88  -1.67  -1.18  -2.84  -1.10  -0.24   1.79
197304 -11.44 -12.96  -8.58  -8.52  -6.49  -4.55  -3.95  -3.20  -4.61  -3.10
197305 -12.84  -9.01  -8.53  -6.90  -4.84  -2.75  -2.06  -1.13  -1.38  -0.13
197306  -8.43  -5.49  -2.98  -1.57  -4.63  -3.36  -2.03  -0.02  -0.11   0.73
197307  20.97  12.96  15.15  11.50  11.28  10.15   7.18   3.08   2.84   2.30
197308  -7.15  -5.28  -5.37  -4.23  -2.42  -3.20  -3.05  -2.11  -4.12  -3.02
197309  10.99  13.15  14.97  11.23  10.41  12.27   5.49  -1.18   3.78   5.30
197310  -5.68  -5.57  -3.59  -1.94  -2.87  -4.33   0.95  -0.04  -0.58   3.94
197311 -23.16 -22.44 -19.82 -17.58 -11.33 -13.72  -9.57 -10.90  -9.16  -9.54
197312  -5.69  -4.57  -6.14  -2.78   0.15   1.39  -1.34   1.37   3.05   7.62
197401  13.04   8.41   8.49   6.48   4.33   3.84  -0.39   0.05  -0.16  -6.24
197402  -2.75   0.56   1.81   0.15  -0.68  -1.56  -0.78   0.06   0.42   1.63
197403   0.35  -1.96  -4.21  -1.20  -0.92  -0.55  -2.31  -2.48  -3.27  -5.15
197404 -10.55  -7.95  -4.40  -3.62  -3.62  -4.06  -4.86  -3.76  -4.76  -4.95
197405  -8.09  -5.29  -3.56   1.59  -1.80  -2.62  -3.87  -5.27  -5.21  -8.69
197406  -5.33  -6.22  -1.72  -2.72  -1.57  -1.15  -2.20  -2.15  -1.30  -1.36
197407 -10.82  -6.29 -10.46  -7.40  -7.93  -9.53  -7.72  -5.48  -4.69  -4.25
197408 -11.98  -9.15  -9.90  -8.61 -10.22  -9.51  -7.88  -7.29  -7.76  -8.86
197409 -14.02 -11.27 -13.28 -13.43 -13.01 -12.05 -11.25  -5.89  -8.49  -8.97
197410  14.50  19.91  19.55  20.23  13.47   9.72  17.49  19.75  14.39  20.41
197411  -2.97  -5.63  -4.29  -4.16  -5.29  -3.66  -4.86  -3.40  -1.17  -3.75
197412  -5.51  -6.44  -4.20  -3.45  -3.81  -1.17  -1.30  -1.92   1.02  -3.48
197501  31.15  23.61  19.91  13.11  13.47  13.49   6.86   9.68  13.11  11.44
197502   6.45   6.60   5.29   9.15   5.07   8.77   4.23   6.36   4.87   4.05
197503   8.19   3.11   5.06   3.06   1.28   3.21   1.26   0.30   4.01   7.16
197504   4.42   7.17   4.54   5.46   5.88   3.77   2.73   4.19   2.95   7.74
197505   5.63   7.49   5.82   5.44   5.37   6.76   6.48   3.98   5.28   5.03
197506   6.08   4.00   6.28   3.12   6.19   5.57   6.02   6.43   5.73   5.59
197507  -8.12  -8.65  -6.07  -5.05  -5.09  -6.64  -6.43  -5.13  -5.84  -4.05
197508  -4.44  -2.65  -1.79  -1.75  -2.25  -3.30  -0.88  -2.87  -3.01  -2.52
197509  -3.63  -6.69  -3.22  -3.17  -1.98  -2.63  -4.12  -4.75  -4.71  -1.77
197510   2.26   8.54   7.12   4.66   5.96   7.53   4.10   5.87   6.01   3.15
197511   3.25   5.70   3.33   3.55   2.17   2.88   2.11   2.21   3.12   1.54
197512  -1.60  -2.17  -2.06  -0.41  -2.52  -1.56   0.38  -1.37  -0.26  -1.32
197601   9.91   9.83  11.49  13.24  12.72  13.18  13.70  14.02  13.97  19.43
197602   2.45   0.86   1.13   0.46   0.85  -1.37   0.10  -1.00   3.25   5.22
197603   0.63   4.44   2.27   3.39   4.06   2.86   0.94   2.41   0.81   0.78
197604  -3.15  -2.89  -1.36   0.51  -0.32  -0.61  -0.08  -0.33  -0.16  -2.61
197605  -0.01  -1.74  -2.15  -0.16  -0.43  -0.97   0.29  -0.54  -2.14  -2.71
197606   7.00   4.97   3.41   4.64   6.71   2.29   4.99   2.95   3.66   4.60
197607  -1.00  -0.50  -2.21   0.00   1.21   0.49  -0.59  -1.67  -1.70  -1.12
197608  -1.54   0.99   0.29  -0.36   2.06  -0.24  -0.66  -0.39  -2.42  -2.26
197609   1.84   1.59   2.29   3.04   3.32   1.78   3.89   2.78   0.99   2.37
197610  -3.61  -2.28  -2.12  -2.70  -2.40  -0.01  -0.73  -3.12  -2.53  -3.40
197611  -0.05  -2.43  -0.65   1.72   1.53   1.17   1.34   2.26   3.67   3.62
197612   5.13   5.45   5.29   6.20   4.57   5.59   8.15   8.45   6.73   8.29
197701  -9.32  -4.64  -6.31  -3.49  -2.48  -2.21  -2.02  -2.10  -1.18   2.51
197702  -1.83  -1.42  -1.57  -0.67  -1.85  -1.12  -2.08  -2.44  -1.80  -1.90
197703  -2.74  -1.64   0.05  -1.78   0.29  -0.55  -1.92   0.01  -0.90  -0.69
197704  -4.07  -1.75  -0.42   1.20  -1.47   2.87   1.40   3.84   2.03   3.94
197705  -2.39  -2.95  -2.65  -1.27   0.26  -0.47   0.69  -0.06  -0.16   0.60
197706   5.83   4.63   4.27   5.93   4.38   3.60   4.43   5.72   6.95   7.16
197707  -2.36  -2.14   0.04  -1.88  -2.14  -0.91  -0.34  -0.92  -0.79  -1.19
197708   2.00   0.84  -0.04  -3.32  -2.00  -2.53  -3.01  -2.16  -2.09  -2.04
197709  -2.18  -1.09  -0.65   0.81   2.40   0.46   0.97   1.03   2.06   1.00
197710  -4.91  -3.84  -3.79  -3.35  -4.77  -3.23  -2.97  -2.76  -3.68  -4.61
197711   3.31   3.92   3.83   4.01   3.74   4.94   5.65   6.64   7.22   8.59
197712   0.25  -0.60   0.77   1.53   0.88  -0.21   0.60   1.48   2.18   1.70
197801  -5.54  -5.97  -6.39  -4.83  -5.36  -5.48  -5.24  -5.44  -5.31  -3.88
197802  -4.39  -2.14  -1.18  -1.29  -0.11  -0.61  -0.85   0.06   1.78   1.47
197803   3.38   3.23   4.59   3.20  -0.41   3.90   4.08   5.60   6.24   6.57
197804  11.42   9.81   8.52  10.04   6.00   6.12   4.96   8.75   9.70   9.99
197805   1.86   1.79   1.66   0.93   0.35   2.74   3.56   4.63   5.86   8.94
197806  -4.78  -2.20  -1.23  -1.23  -0.70  -0.43  -0.96   0.48   0.42   2.13
197807   4.52   4.19   5.33   4.32   5.83   5.58   7.94   6.70   9.54   9.89
197808   4.10   4.75   3.31   2.89   3.10   4.29   3.85   4.89   7.92  10.39
197809   0.85   1.61  -0.47  -0.87  -1.36  -1.74  -1.93  -1.76  -2.27  -4.58
197810 -10.84  -7.37  -8.39  -8.18 -11.91 -12.46 -14.76 -16.15 -19.52 -23.01
197811   2.73   1.72   2.42   3.55   1.91   4.06   4.21   5.61   7.68  10.96
197812  -2.12  -1.17   0.34  -0.49   1.63   5.06   1.31   1.90   3.53   3.54
197901   9.63   6.46   4.97   4.91   3.79   4.24   3.75   4.50   5.48   6.63
197902  -2.67  -3.03  -1.87  -2.69  -3.05  -1.93  -2.72  -2.81  -4.75  -4.32
197903   8.46   5.09   4.85   2.94   5.86   7.23   6.21   8.20   8.85  10.57
197904   0.50  -0.72   1.62   0.51  -0.81   0.83   0.60   2.14   0.79   1.55
197905  -2.50  -1.31  -0.06  -0.42  -0.61   0.23  -3.55  -1.87  -2.31  -0.97
197906   5.68   4.68   3.36   3.30   5.59   4.36   6.08   3.20   7.18   6.81
197907   2.73   2.27   1.79   2.26   1.76   1.40   0.91   1.20   0.98   1.90
197908   8.33   8.30   6.26   6.13   4.45   4.43   5.55   7.00   7.99   7.34
197909  -3.72  -2.84  -2.71  -0.29  -1.83  -0.05  -1.29   2.95   2.64   4.19
197910 -13.27  -8.01  -6.98  -8.17  -7.34  -8.01  -7.22  -6.45  -4.45  -6.50
197911   2.21   4.82   4.07   1.83   5.62   5.96   8.84   9.97  11.24  12.55
197912   2.74  -0.42   1.06   2.11   2.76   2.86   1.40   5.09   3.20   8.90
198001   4.08   0.72   2.67   1.02   3.69   6.97   8.91   9.37  11.85  13.80
198002  -5.11  -3.67  -5.00  -5.32  -5.33  -0.73   0.66   4.26   6.61   5.16
198003  -3.74  -7.10  -6.43  -6.31  -8.82 -10.72 -12.86 -14.81 -16.65 -21.19
198004   6.78   6.17   6.96   4.29   2.56   3.57   5.17   3.38   5.17   6.85
198005   9.28   5.35   6.74   5.83   7.01   6.86   7.68   7.24   5.25   3.77
198006   4.70   2.33   3.49   1.71   1.50   2.98   3.01   3.97   4.06   6.31
198007  10.01   9.41   8.71   5.64   4.73   5.92   7.54   8.78   6.74   6.40
198008   2.70   2.39  -0.03   1.84   0.18   1.77   2.25   2.13   2.54   5.17
198009   0.08  -0.30  -0.20  -0.92  -0.88   2.44   3.03   4.51   5.87   8.35
198010  -1.74  -2.66  -1.31   2.00  -1.82  -0.67   2.01   5.85   5.30   5.30
198011   0.86  -0.51   1.58   5.40   7.74  13.15  12.42  16.39  21.83  17.09
198012  -0.28   2.84   2.74  -0.03  -1.49  -0.73  -5.42  -6.65  -7.74  -7.49
198101  -0.68   0.85   3.04  -0.19  -0.67  -2.70  -3.26  -5.32  -7.07 -11.26
198102  -0.11   3.85   2.08   1.85   2.02   2.81   3.09   0.39   2.22  -0.08
198103  10.18   4.61   2.71   7.03   2.17   3.24   2.83   3.85   6.29   8.29
198104  -1.44   0.33   0.08   0.84  -1.56  -2.74   0.41  -4.15  -1.32   0.54
198105   0.03   1.92  -0.63   1.29   2.18  -0.05  -0.33   1.71   2.32   6.30
198106   4.35   2.72   1.06  -0.55  -0.77  -1.60  -1.65  -3.23  -4.47  -8.45
198107   4.67   2.79   0.43   0.73  -1.95  -2.54  -2.21  -1.39  -1.25  -2.41
198108  -7.82  -4.75  -3.74  -4.74  -4.55  -6.11  -7.61  -4.94  -6.65  -8.48
198109  -9.95  -6.96  -5.32  -6.04  -4.32  -4.77  -6.31  -4.23  -5.11  -8.69
198110   3.47   6.01   2.53   6.39   6.10   5.27   7.09   5.84   8.50  12.06
198111   3.71   4.91   5.23   7.15   4.51   3.99   5.32   3.46   2.98   2.76
198112  -5.25  -4.16  -2.06  -2.49  -1.64  -2.39  -2.49  -3.05  -2.30  -2.63
198201  -4.80  -6.12  -1.15  -4.66  -1.63  -2.42   0.00  -1.25  -0.10  -3.56
198202  -9.32  -9.67  -5.44  -6.46  -5.49  -4.09  -1.75  -3.12  -0.35  -4.90
198203  -4.45  -2.43  -1.30  -1.29  -0.78  -2.17  -0.10   1.68   1.69  -0.52
198204   5.68   4.34   4.83   4.07   4.29   3.73   4.73   5.44   2.75   5.22
198205  -6.44  -4.61  -3.58  -1.30  -2.91  -1.16  -2.91  -2.85  -3.02  -1.98
198206  -9.06  -5.39  -2.53  -1.00  -4.54  -2.74  -1.00  -0.72   0.05   0.84
198207  -6.66  -4.40  -4.05  -2.97  -4.51  -3.95  -2.48  -0.39   2.49  -1.38
198208  10.68  16.47  15.13  12.80  11.52  13.52  10.52  11.34  10.47   9.69
198209  -3.47   0.15   2.35   3.13   1.22   2.07   0.98   1.97   2.49   4.90
198210  13.83  12.31  13.05  10.92   9.22  16.68  12.52  10.67  10.36  13.93
198211   1.62   4.68  -0.20   5.95   4.18   5.30   6.85   5.57   6.59  10.13
198212   3.79   2.54   1.35  -0.76  -0.07   2.18   0.95   0.50   2.78   0.14
198301   7.03   4.74   4.67   8.94   4.46   1.64   2.41   1.89   4.51   2.54
198302  -2.03   2.26   2.60   1.17   3.51   2.88   4.15   4.26   5.05   6.89
198303   2.21   3.99   4.02   4.12   1.27   3.81   2.89   3.71   3.27   4.88
198304   6.60   8.55   7.60   6.46   5.44   5.87   5.37  10.57   4.79  10.69
198305   8.80   2.04  -0.30   0.60   0.99  -0.77  -0.23  -0.49   1.58   4.74
198306   4.90   4.83   2.51   0.82   2.00   4.40   2.25   6.41   4.81   5.77
198307  -2.69  -1.40  -3.48  -2.35  -2.30  -4.20  -1.83  -3.27  -3.77  -7.90
198308  -0.70   3.97   3.78   2.37   2.36  -0.63  -0.25  -2.38  -5.03  -4.50
198309   3.56   1.63   0.74   0.24   3.16   1.36   4.13  -0.92   3.36   1.13
198310  -1.84   2.17  -2.37  -1.21  -1.73  -1.39  -2.48  -4.83  -5.74  -9.41
198311   4.46   1.11   3.41   2.83   2.55   3.63   3.92   0.01   3.65   5.33
198312   0.27  -1.20  -1.22  -1.01  -2.10  -2.88   0.07  -0.12   1.16  -2.73
198401  -1.89  -0.73   0.95  -0.69  -0.83  -0.71  -0.46  -0.98  -3.01  -6.66
198402  -5.59  -3.86  -4.75  -2.42  -3.21  -3.98  -4.06  -4.29  -4.12  -6.03
198403  -1.16   1.63   1.90   1.91   1.67   1.83   0.86   1.60   1.14   2.31
198404  -0.98  -0.06  -1.05  -1.39   1.13   0.78   0.44  -0.40   2.20   1.66
198405  -8.79  -5.44  -4.84  -4.17  -4.89  -5.43  -4.72  -4.58  -4.65  -5.43
198406   1.21   3.91   3.51   2.17   4.18   5.38   2.03   1.28   1.77   1.51
198407  -6.97  -5.16  -1.17  -3.14  -1.95  -0.23  -1.18  -2.51  -2.15  -2.14
198408  13.56  16.07  13.93  11.50  12.45  12.83  11.72   9.72   8.17   8.73
198409  -3.36  -0.74  -1.50  -2.84   0.32   0.06  -0.53   2.26   1.14   1.27
198410  -3.38  -3.12  -0.10  -0.36   0.39  -0.44   1.08   1.25   0.80   0.64
198411  -4.63  -1.10  -1.06  -0.20  -1.23  -0.99  -0.86  -1.04  -0.73  -1.28
198412   1.01  -0.11   2.20   3.72   2.39   1.53   2.81   2.36   3.06   2.67
198501  16.57  13.80  11.71  10.10  10.68   9.66   7.48   6.54   4.83   6.48
198502   0.31   1.39   0.37   1.15   2.06   2.10   1.47   1.32   2.86   2.94
198503  -0.99  -0.78  -0.51  -0.47  -0.48   2.59  -1.53   0.75   0.36  -0.54
198504  -3.42  -2.31  -1.56   0.86  -0.08  -0.66  -0.27   0.68   0.50   0.12
198505  -0.52   2.11   3.33   5.94   4.14   7.20   8.05   6.40   6.26   7.58
198506  -1.23  -0.15   1.83   1.12  -0.02   2.14   1.96   3.32   2.90   3.82
198507   2.84   5.47   2.36   1.48   2.24   0.33  -1.02  -2.71  -2.02  -1.54
198508  -2.98  -2.09  -0.77  -2.05  -0.91   0.20   0.09   1.22   0.36  -0.88
198509  -8.88  -5.32  -3.45  -3.10  -4.31  -2.89  -3.57  -2.85  -4.41  -5.04
198510   0.15   0.25   2.33   4.20   3.91   4.59   5.82   5.44   5.67   7.45
198511   6.85   7.68   8.49   8.32   6.65   6.97   5.80   5.66   6.94   7.99
198512   3.49   5.25   4.37   7.51   4.59   3.14   3.72   4.42   4.14   3.97
198601  -2.14   0.93   1.88   1.09   0.08  -1.31   0.43   2.36   2.53   4.55
198602   4.67   6.42   6.57   9.59   5.89   6.96   8.89   7.43   8.99   8.48
198603   2.39   1.32   5.19   4.73   3.77   5.81   5.54   6.70   8.29   5.83
198604  -0.81  -0.25   1.39   0.09   0.53  -2.10  -2.43  -0.24  -3.02   0.19
198605   4.85   5.20   4.19   1.86   4.15   4.89   5.60   5.66   7.73   6.72
198606  -4.38  -1.72  -0.29  -0.21   0.55   1.84   2.80   3.55   4.32   3.26
198607 -11.79  -8.78  -5.76  -4.59  -5.86  -4.22  -5.22  -4.92  -5.85  -7.51
198608  11.78  12.06   9.12   8.89   8.47   5.83   5.79   5.40   4.54   3.79
198609  -1.52  -2.89  -3.96  -5.16  -5.39  -9.05  -8.63 -11.21 -10.33 -11.46
198610   1.62   3.36   3.85   1.26   6.13   5.26   6.07   6.76   5.65   7.29
198611   0.35  -0.21   2.24   2.39   1.36   2.92   1.06   1.53   1.55   0.56
198612  -5.30  -3.88  -2.51  -3.81  -1.48  -2.70  -1.70  -3.02  -3.32  -2.19
198701  14.18  10.10  10.95  11.00  10.65  13.27  12.56  12.86  11.99  18.21
198702   8.30   8.14   6.25   5.89   6.82   5.37   2.29   2.77   3.21   5.27
198703   0.20   4.23  -1.44   1.04   0.14   3.38   0.90   1.84   2.32   4.09
198704  -5.00  -2.11   1.52  -3.23  -2.47  -3.09  -3.89  -2.34  -0.16   0.39
198705   1.26   2.48   0.66  -0.98   0.45  -0.41   1.51  -0.21   1.63   0.71
198706   1.94   4.50   4.93   4.64   5.95   4.39   4.35   4.59   4.73   3.76
198707   3.04   1.58   3.00   2.83   4.93   2.67   5.91   6.81   4.29   5.59
198708   3.10   5.05   5.54   5.28   3.11   3.27   4.15   3.44   3.64   4.10
198709  -2.99  -1.54  -1.50  -1.61  -5.54  -2.11  -1.67  -2.63  -0.95  -0.28
198710 -23.81 -15.82 -15.52 -18.63 -21.49 -23.78 -24.28 -20.53 -26.28 -26.74
198711  -5.90  -4.34  -5.72  -6.85  -8.63  -7.69  -8.06  -7.84  -8.68  -6.27
198712   2.03   4.11   4.58   6.47   6.81   6.26   6.61   8.23   8.21   8.06
198801   7.49   8.79  11.39   7.96   7.16   5.77   5.51   3.92   2.55  -2.11
198802   8.90  10.27   5.94   6.25   4.60   4.09   2.98   3.59   6.42   7.54
198803   0.20  -0.05  -0.37  -1.08  -4.15  -3.22  -1.16  -3.01  -1.88   0.17
198804  -0.30   0.00  -0.19   2.01  -0.28  -0.41   1.23   1.28   2.05   1.79
198805  -3.21   0.17   0.78   1.72  -0.61  -0.48   0.53   1.42  -0.40  -0.96
198806   9.79   8.05   8.76   4.01   5.05   4.41   4.85   3.56   4.41   3.95
198807  -2.40  -2.26  -1.09  -1.38  -0.11  -0.20  -0.56  -0.09  -0.61  -1.16
198808  -3.65  -3.31  -2.42  -4.07  -1.83  -2.33  -2.71  -2.00  -2.93  -3.01
198809   2.00   3.14   5.00   5.17   4.90   3.62   2.86   2.37   4.00   4.37
198810   0.58   1.03   0.95   2.00   3.10   0.70   2.66   0.85   3.55   1.79
198811  -4.00  -0.92  -2.14  -1.02  -1.94  -2.41  -0.73  -2.26  -1.27  -2.06
198812   2.52   3.42   1.84   2.28   1.81   1.95   1.81   1.44   2.91   2.13
198901   8.57   6.12   7.91   6.51   5.06   6.11   7.07   5.63   7.94   6.73
198902  -1.61  -1.32  -1.83  -2.05  -1.96  -2.84  -1.92  -1.00  -0.92   1.51
198903  -1.91   0.82  -0.14   2.00   3.28   2.05   0.75   4.39   3.39   4.58
198904   2.22   4.61   4.34   5.04   4.84   3.48   5.84   5.58   6.00   5.65
198905   3.40   5.22   1.30   3.84   3.75   5.55   3.45   4.12   5.20   5.42
198906  -3.38  -3.29   0.17   0.32  -0.16  -1.27  -0.64  -0.21  -0.40  -0.32
198907  -0.80   4.05   5.18   6.96   6.66   7.37   7.47   9.57  11.74   9.43
198908   1.06   3.43   3.23   2.92   3.89   2.61   0.42   1.63   1.20   2.15
198909  -3.09  -0.68  -2.33  -2.63  -0.30  -0.78  -0.28  -0.30   0.66   3.85
198910  -9.96  -7.65  -2.75  -3.55  -2.93  -3.10  -1.36  -2.08  -2.51  -4.33
198911  -2.59  -1.69   0.07  -0.13   1.46   2.51   4.23   1.68   2.45   1.26
198912  -1.11  -1.32  -1.26   2.13   2.45   1.88   3.93   3.40   2.37  -0.43
199001  -8.77  -3.91  -4.63  -6.40  -6.31  -7.07  -5.85  -6.66  -8.23 -10.96
199002   2.08   4.78   2.34   2.51   1.41   1.45   0.68   1.19   1.79   1.43
199003   1.50   1.89   2.78   2.91   0.11   1.18   2.08   2.08   3.23   3.87
199004  -7.62  -4.74  -3.98  -3.70  -2.16  -2.90  -2.65  -2.47  -2.31  -1.57
199005   4.17   8.70   7.91   8.42   9.56   7.33   8.66   9.06   8.46  13.28
199006  -2.37  -3.67  -2.32  -1.67  -0.69  -1.48  -0.88  -1.60   1.28   1.69
199007  -9.27  -7.72  -6.74  -3.49  -1.65  -1.44  -0.88   0.22   1.38  -1.76
199008 -16.39 -12.69 -10.25 -10.87  -9.24  -9.72  -9.67  -7.62  -8.40 -10.30
199009 -13.59 -12.83 -10.89  -7.66  -8.43  -2.64  -2.29  -4.28  -4.00  -6.54
199010 -11.15  -8.95  -6.47  -3.46  -3.71   0.14   0.57   0.72   0.34  -0.90
199011  13.67  13.97  12.41   7.49   7.78   8.36   6.75   5.72   5.33   5.50
199012  -0.69   3.02   5.79   4.06   6.23   4.07   3.63   2.83   2.07   1.69
199101   8.56  13.78  13.32   9.79   5.13   6.25   3.93   1.21   2.38   6.05
199102  20.65  15.12  11.07   5.58   7.86   7.34   6.99   5.62   6.55   9.34
199103   5.88   4.99   0.17   1.68   2.38   1.40   2.38   3.08   1.87   6.50
199104  -1.63   2.53   4.07   0.25  -0.52   1.58   0.79   0.78  -0.71  -1.48
199105   1.50   7.04   6.55   3.15   4.17   3.86   2.99   4.04   4.06   4.05
199106  -4.29  -5.36  -5.80  -4.74  -5.13  -4.75  -4.53  -3.70  -3.39  -4.63
199107   1.83   3.39   2.78   3.19   3.62   3.15   2.59   5.74   7.73   7.76
199108   5.69   4.50   2.89   0.52   2.26   2.00   0.97   3.28   3.65   5.82
199109  -6.33  -2.61  -0.47  -1.78  -0.55  -0.65  -1.26  -2.28  -1.10   0.66
199110   0.75  -1.87   1.17   1.47   2.04   0.37   2.28   2.98   1.62   3.84
199111  -8.74  -5.17  -5.17  -2.60  -2.94  -2.55  -3.13  -0.66  -5.30  -5.40
199112   2.59   4.14   9.73   8.77   8.42  10.67  14.74  13.87  14.59  17.72
199201   5.85   1.22   2.51   0.23  -1.55  -1.74  -3.24  -0.65  -2.27   2.44
199202   1.89   5.75   1.24   1.85   0.15   1.07   0.48   2.08   1.66   0.85
199203  -5.35  -1.70  -2.69  -1.11  -1.66  -1.55  -1.20  -2.89  -2.79  -4.04
199204   0.48   5.57   2.08   3.71   2.41   2.96   0.85   0.28  -1.19  -2.47
199205   3.47   1.80  -0.55  -0.20   0.07   0.54  -0.21   1.92   0.97   2.32
199206  -5.65  -3.41  -1.04  -1.21  -0.36  -1.07  -0.80  -2.99  -4.40  -4.10
199207   2.58   4.23   2.97   3.44   4.37   4.54   5.05   3.90   4.51   4.06
199208  -3.43  -2.09  -2.09  -0.39  -2.00  -0.55  -3.46  -2.66  -2.60  -4.52
199209  -0.21   0.10   2.13   0.63   2.19   1.10   1.56   0.15   2.32   4.31
199210   2.31   0.16  -1.00   1.52   0.26   0.80  -0.45   2.26   2.53   5.29
199211   7.74   4.25   4.41   3.94   4.07   1.77   4.28   4.50   3.80   8.50
199212  -1.54  -2.88  -0.29   1.56   2.87   1.69   2.79   1.08   2.31   6.07
199301   1.36  -3.53  -1.93   0.24   0.34   1.01   2.51   1.93   4.75   6.36
199302  -2.34  -1.80  -2.53  -2.46   0.49   3.11   1.86   1.14   2.27  -0.68
199303  -2.88   0.96   1.89   0.82   2.47   3.49   1.09   3.51   5.07   4.71
199304  -5.92   1.20  -5.72  -1.50  -2.85  -2.44  -2.68  -2.47  -3.89  -3.23
199305   5.60   3.48   2.87   2.88   1.27   1.76   1.30   4.74   3.11   8.10
199306  -2.87  -3.66  -1.03  -1.96   0.03   0.43   3.31   2.91   3.22   3.04
199307  -5.54  -1.17  -1.82  -0.13   0.55  -0.26  -0.24   3.08   1.32   0.75
199308   2.96   4.57   3.22   3.11   2.27   4.06   2.39   5.21   4.20   8.60
199309  -3.02  -1.30  -1.07  -1.12  -0.62   0.90   0.91   0.10   0.43   4.88
199310   9.51   3.79   2.83   1.34  -1.08  -0.09   0.59   1.52   0.45   0.86
199311   4.41   2.84   0.25  -1.36  -2.31  -3.81  -3.01  -2.50  -3.97  -4.81
199312   0.76  -1.38   1.67   1.89   3.01   2.12   2.17   2.51   2.23   3.08
199401   6.69   3.94   2.78   0.96   3.11   2.06   3.02   3.45   3.09   4.79
199402  -1.54  -1.58  -2.85  -3.22  -2.15  -2.30  -2.44  -2.52  -2.74  -1.18
199403  -4.89  -4.17  -4.24  -2.89  -4.28  -3.89  -5.05  -4.64  -5.37  -5.46
199404  -1.48   0.42   1.68   2.35   1.46   2.02   0.40   1.11  -1.03   0.34
199405   1.46   1.61   1.48   0.64   1.79   1.07   1.32   0.51   0.54  -2.35
199406  -4.33  -1.39  -2.16  -1.65  -3.32  -3.05  -1.60  -2.13  -3.48  -6.12
199407   2.99   3.70   2.42   3.34   2.13   4.65   4.45   1.84   2.10   2.51
199408   5.37   5.12   2.76   3.12   2.19   4.35   4.04   5.66   5.77   8.45
199409  -1.15  -2.33  -2.60  -2.79  -2.15  -2.17  -2.08  -2.18  -1.93   0.82
199410  -0.48   1.57   1.42   2.67   2.13   1.92   1.04   0.58   2.44   2.95
199411  -3.20  -2.98  -2.01  -3.68  -4.69  -3.72  -3.54  -2.49  -4.39  -5.32
199412  -2.17  -1.10   1.01  -0.16   1.77   2.58   1.73   0.69   2.46   1.50
199501   1.67   1.96   4.20   3.77   2.70   1.78   3.71   2.94   0.87  -1.83
199502   3.14   5.03   4.69   5.54   3.04   4.55   3.92   3.46   2.99   4.23
199503   0.38   3.38   3.36   3.10   2.24   1.73   2.60   2.46   2.06   3.99
199504   2.60   0.85   0.09   1.32   1.84   2.50   2.68   2.87   2.53   4.72
199505   2.11   3.90   4.19   3.64   3.10   4.41   3.52   4.15   2.83   2.67
199506   7.05   2.02   2.61   2.45   0.84   1.61   1.14   2.40   3.82   7.21
199507   5.80   4.27   2.82   3.08   4.24   3.10   4.13   2.14   4.37   6.53
199508   1.25  -0.36   2.27   2.18   0.73   1.68   1.42  -0.12   0.73   0.74
199509  -1.64   1.86   2.49   4.22   2.38   3.82   4.29   4.72   5.67   3.26
199510  -7.42  -7.35  -3.32  -3.82  -1.09  -0.90   0.35   0.23   0.31  -0.34
199511   4.91   7.57   5.03   5.62   5.45   4.21   3.86   5.28   4.13   1.31
199512  -2.48  -0.61   1.03   2.00   2.31   3.01   1.55   2.21   2.82  -1.39
199601   0.20   1.72   1.68   0.55   1.16   1.72   4.01   3.11   3.99   2.69
199602   4.46   2.53   0.97   1.82   0.95   1.71  -0.03   1.20   3.15   3.56
199603   4.37   3.44   2.94   2.22   1.54   0.40   1.40   0.82   0.14   0.47
199604  10.32   3.60   5.73   2.96   1.71   0.26   0.66   1.69   0.50   6.34
199605   0.95   3.38   2.58   3.49   1.76   1.47   2.04   3.87   2.32   5.01
199606  -6.89  -2.87  -1.22   0.82  -1.80   0.02   1.41   1.46  -1.57  -4.12
199607 -11.40  -7.51  -6.13  -3.89  -5.28  -4.15  -3.50  -4.43  -4.71 -10.84
199608   4.53   4.33   5.09   3.03   4.37   2.86   1.83   2.85   1.65   5.80
199609   5.16   2.84   3.29   4.98   3.71   3.85   5.48   5.50   6.58   7.97
199610  -7.82  -4.05  -0.61   2.54   1.62   4.22   2.55   3.70   2.95  -1.05
199611  11.86   8.42   4.98   6.35   7.32   5.90   8.50   8.03   6.11   1.59
199612   0.71  -1.10  -0.32   0.39  -0.63  -0.70  -2.65  -2.15  -2.73   0.83
199701   3.08   2.06   4.38   3.20   3.12   3.57   5.76   7.68   6.21   9.04
199702  -2.96   0.07   0.73   1.55   1.22   1.02   2.72   0.82  -1.60  -6.84
199703  -7.84  -4.16  -3.63  -5.28  -2.80  -2.60  -5.02  -3.41  -6.39  -4.44
199704  -2.86   1.57  -0.23   1.48   2.65   2.88   5.90   6.91   6.94   8.95
199705  17.49  12.34  10.88   6.45   5.44   7.15   5.81   7.25   5.34   6.12
199706   1.44   1.76   6.04   3.68   3.05   3.62   3.90   4.37   5.91   4.51
199707   4.12   4.60   5.25   7.63   4.55   8.31   5.78   6.70   7.47  15.24
199708   1.55   1.38  -2.22  -2.27  -2.49  -3.27  -4.22  -6.56  -6.73  -2.68
199709   4.02   6.88   5.38   4.68   5.32   6.39   4.98   4.93   6.23   6.92
199710  -5.94  -4.93   0.29  -3.32  -1.18  -3.67  -2.83  -3.06  -1.63  -7.87
199711  -1.81   2.81   5.26   5.53   2.82   5.20   4.26   3.31   1.76   1.17
199712  -2.90   0.01   2.43   2.28   1.44   1.17   3.39   5.42   0.74   1.40
199801   0.06  -0.60  -0.46  -1.34   0.81  -0.75   2.24  -0.47   1.29   2.62
199802   8.44   8.50   8.09   8.04   7.37   8.89   5.21   6.42   6.43   9.83
199803   4.52   2.72   4.49   3.61   5.02   5.53   5.01   6.09   5.62   6.51
199804   4.66  -0.76   0.39   0.27   1.79  -1.06  -0.02   2.09   0.43   5.53
199805  -8.58  -4.50  -2.69  -2.49  -2.09  -1.77  -2.17  -2.78   0.26  -3.46
199806  -3.67  -1.44   0.51   1.75   0.62   2.22   7.22   3.25   5.38   9.62
199807  -7.21  -5.56  -1.60  -2.57  -4.18  -4.06  -0.69  -1.61  -1.09   0.95
199808 -21.69 -19.08 -12.82 -14.59 -17.66 -16.12 -14.13 -13.85 -13.58 -16.85
199809  14.01   8.34   8.40   9.52   6.92   5.77   3.69   6.86   3.56   8.52
199810  13.29  11.40   9.81   8.50   6.61  10.87   8.22   9.50   7.74   4.21
199811   3.54   3.12   8.87   7.74   5.92   6.76   4.10   6.76   5.16   7.53
199812  -1.01   0.96  -2.37  -1.33   1.81   1.92   4.26   4.52   5.91  12.99
199901   2.12   1.51  -1.10  -1.57   1.96  -0.23   1.17   1.30   0.63   9.00
199902  -6.92  -5.56  -3.66  -2.25  -4.57  -0.62  -2.54  -2.27  -4.98  -4.65
199903  10.56   3.33   2.64   2.62   3.04  -0.46   2.27   2.45   2.59   5.68
199904  17.88  13.06  14.67  11.86  11.91   9.67   5.93  10.32   4.02  -0.84
199905   7.25   4.83   3.88   1.14  -0.30   0.14  -0.54  -0.88  -3.33  -2.91
199906   1.47   4.83   2.48   1.10   0.84  -0.04   3.69   1.30   5.48   8.57
199907  -4.04  -5.03  -1.76  -3.63  -3.38  -2.91  -5.00  -4.09  -2.24  -1.69
199908  -5.31  -4.57  -1.61  -3.91  -2.01  -1.08  -2.18   0.27  -1.94   0.99
199909  -6.32  -5.38  -9.78  -6.85  -6.67  -3.73  -1.77  -0.40  -1.53   0.28
199910  -3.87   1.02   1.16   4.95   9.52   5.32   4.67   7.93   7.39   5.97
199911   2.81   4.70  -1.18  -1.51  -2.56  -0.84   0.68   0.05   1.06  10.43
199912  -0.35   2.36  -2.64  -3.81  -1.09  -2.72  -4.73   2.80   4.94  21.88
200001  -4.40  -2.99  -5.75  -3.89  -2.61  -0.67  -1.28  -3.14  -8.68  -2.74
200002  -3.09  -6.76  -8.82  -6.15 -10.71  -3.96  -6.23  -3.26  -2.93  23.09
200003   8.50  13.56  14.26   9.15   8.91  12.09  11.19   8.57  13.19  -0.68
200004  -2.33   0.59   4.31   2.34  -0.66  -2.69 -11.80  -0.94  -4.19  -8.77
200005   1.13   5.16   5.96   4.30  -0.87   1.84   2.60  -3.27  -3.17 -11.54
200006  -5.18  -5.38  -5.15  -2.97   6.99  -3.54  -3.06   3.26   3.45  13.24
200007  -4.71   0.98  -6.07  -0.01  -3.58  -0.94   0.50   1.28  -0.52  -3.23
200008   6.94   8.17   3.36   4.34   5.95   2.29   3.12   4.67   6.03  14.12
200009 -12.48  -1.70  -7.68   3.66  -2.61   2.71   1.66   0.73  -1.39 -11.75
200010  -8.36   5.07   2.90   7.62   1.12   1.10   0.17  -1.30  -2.14  -7.75
200011 -23.50  -8.76  -3.50  -3.51   0.19  -8.75  -3.51  -7.04  -9.62 -24.59
200012 -10.82   0.34   0.31   6.77   1.15   3.99  -2.63   3.00   3.13   5.96
200101  35.57  26.08   6.00  11.31   3.64  -3.80   0.43  -2.62  -6.74  -6.40
200102 -19.83 -21.18 -12.29  -6.74  -5.25 -12.01  -3.97  -1.68  -4.52  -4.29
200103 -17.59 -10.78  -7.19  -7.10  -4.00  -6.20  -5.10  -3.30  -3.77  -2.90
200104  15.11  17.74  10.28   6.92   7.48   2.71   3.75   3.40   4.37   5.66
200105  -5.88   0.47   1.16   1.91   2.43   1.43   4.26   2.75   1.85   3.22
200106   0.01  -1.72  -2.33  -3.91  -0.55  -0.96  -2.92  -1.68  -2.26   1.09
200107  -6.61  -4.65  -1.46  -0.73  -1.00  -0.64   1.91   1.69   0.45  -2.89
200108 -14.36  -7.92  -6.52  -6.31  -4.04  -2.55  -1.80  -1.96  -3.95  -3.48
200109 -22.79 -14.50 -11.07  -5.84  -4.18  -2.98  -4.15  -6.05  -4.93  -7.37
200110  15.71   4.84   1.59   2.08   0.07   1.27  -0.10  -0.04  -0.14   1.03
200111  20.10  11.87   7.89   5.95   5.46   4.93   5.77   3.75   5.48   4.88
200112  -0.67  -0.14   0.33   2.06   2.16   4.49   2.31   2.68   3.54   4.89
200201  -1.14  -2.61  -3.30  -1.56  -1.00  -2.18   1.23  -0.35  -2.12  -0.26
200202 -17.76  -3.25  -1.15  -0.32  -0.04  -1.58   2.16   0.44   0.25  -2.18
200203   7.99   3.65   5.29   2.85   4.51   4.71   3.88   3.82   5.83   5.91
200204 -13.81  -9.98  -8.14  -7.00  -5.07  -1.00  -1.58   0.90  -0.85   0.13
200205  -5.93  -1.43  -1.08  -0.69   0.24  -1.65   0.71  -2.30   0.89  -2.45
200206 -14.61  -8.41  -4.33  -7.62  -8.52  -7.00  -3.37  -6.22  -2.80  -3.56
200207  -6.77 -10.34  -9.60  -6.50  -7.08  -7.92  -5.65  -6.85  -6.53 -11.81
200208   4.43  -2.49   0.87   1.80   1.57   0.82   2.53   0.59   1.94   1.38
200209 -15.96 -16.06 -13.50 -11.68  -8.32  -7.19  -8.26  -7.40  -4.58  -3.07
200210  21.19   9.12  11.44   9.12   3.95   3.86   5.54   3.90   5.09   5.05
200211  22.64  11.58   8.57   4.94   2.88   1.60   3.07   0.22  -2.98   2.24
200212 -14.29 -12.17  -8.16  -8.06  -1.35  -3.35  -3.35  -1.14   0.17  -1.73
200301  -3.81  -1.63  -3.21  -2.22  -3.59  -3.14  -2.70  -2.41  -0.84  -1.03
200302   0.75  -2.35  -2.09  -3.07  -1.84  -0.64  -2.82  -2.42  -1.27   0.30
200303   0.34   0.39  -1.44   1.39   1.40   2.58   0.87   1.09   0.94   3.75
200304  19.80  17.07  12.35  13.12   7.34   5.31   7.16   5.33   5.65   4.62
200305  21.90  12.55  13.76   9.59   6.34   4.52   4.64   1.68   5.26   7.19
200306   2.17   4.53   1.39   2.21   1.39   0.63   0.00   1.87   1.49   1.80
200307   5.34   4.84   3.20   3.84   1.29   0.92   0.85   3.72   1.76   3.25
200308   4.00   4.23   2.30   1.69   0.72   4.74   1.63   1.49   2.52   4.10
200309  -0.57  -1.14  -0.62  -0.66   0.36  -2.52  -3.03  -1.31  -1.06  -1.77
200310   3.84   4.85   5.45   4.68   1.48   6.53   7.46   7.78   8.13  11.76
200311   0.57   1.85   0.27   2.00   1.67   0.25   1.10   1.17   4.11   3.20
200312   9.01   7.57   5.98   4.99   4.82   3.47   3.89   1.48   1.74  -1.28
200401   2.50   1.02   0.95   3.96   0.88   2.26   2.17   2.09   3.31   3.69
200402   2.04   1.19   1.46   2.52   2.57   1.82   0.90   2.48  -0.60  -0.07
200403  -1.96  -2.76  -1.03   0.03  -2.07   0.09  -1.16  -0.63   0.50  -1.46
200404   2.66  -0.18   0.10  -1.48  -1.30  -3.46  -3.12  -5.91  -3.77  -7.70
200405  -0.18   0.78   1.89   1.87  -0.43   1.99   3.52   0.46   2.43   2.74
200406   1.18   1.93   1.70   1.22  -0.32   2.20   4.16   4.46   5.22   1.80
200407  -4.45  -2.74  -2.12  -4.88  -1.89  -2.99  -5.88  -5.88  -6.59  -8.76
200408  -0.07   1.49   0.08   0.71  -0.43   1.00  -0.88  -0.14  -0.66  -1.91
200409   2.24  -0.98  -0.74   0.92   0.33   0.79   3.96   4.68   6.69   7.33
200410   5.59   2.53   1.28   1.20   2.11  -1.01   0.83   0.29   1.98   2.70
200411   4.29   1.31   3.77   5.63   3.91   4.38   5.79   6.06   7.25   9.93
200412   7.37   3.18   4.59   4.98   3.40   3.59   3.02   2.32   0.99   2.08
200501  -6.80  -2.05  -3.16  -1.88  -1.78  -1.01  -2.46  -0.03  -2.10  -3.98
200502   4.12   0.41  -0.83   0.16   0.48   1.21   8.15   3.93   2.40   5.41
200503  -2.90  -3.02  -1.75  -2.13  -0.86  -0.73  -1.13  -2.41  -0.90  -1.55
200504  -3.28  -0.75  -2.77  -2.69  -0.96  -1.36  -2.14  -1.88  -5.01  -6.58
200505   5.90   5.34   2.07   2.68   4.26   4.15   1.54   4.57   3.14   6.41
200506   0.33   0.00   0.15   0.29  -0.60  -0.52   0.39   1.68   3.06   5.61
200507   7.10   4.15   3.52   4.54   2.50   4.20   3.32   3.64   5.83   5.98
200508  -3.05  -3.25   0.46  -1.51  -2.35  -0.33  -0.34  -0.20   1.89   1.15
200509  -2.17  -0.50  -0.08  -0.97   0.93   2.47   0.87   2.41   3.19   3.89
200510   0.65  -0.58  -0.53  -0.03  -0.27  -3.51  -5.11  -1.71  -4.39  -2.79
200511   3.50   3.92   3.52   4.68   4.69   2.80   3.70   5.56   3.51   3.29
200512  -0.26   1.28  -1.40  -0.69  -0.08  -0.41   0.88  -0.17   1.30   1.84
200601   6.74   3.92   2.29  -1.15   1.52   2.71   3.23   3.03   6.06  10.04
200602  -1.21   0.73   1.30   0.55   1.77   0.02   1.42   0.19  -0.34  -5.66
200603   2.25   1.96   2.60   0.60   0.67   0.67   1.71   1.77   2.81   4.72
200604   0.68  -0.08   1.44   1.63   0.46   2.06   0.88   0.95   0.51   1.97
200605  -1.35  -1.61  -1.07  -2.08  -2.89  -3.53  -4.11  -4.20  -5.59  -7.97
200606  -0.33  -0.90  -0.90   0.54  -0.01   1.06   0.35   0.36   1.30  -0.61
200607  -4.87   1.96   0.08  -1.59   1.38   2.26   0.16  -0.57  -3.19  -6.41
200608   6.61   2.63   4.18   3.85   4.32   1.30   1.84   1.45   0.88  -2.30
200609   2.27   2.10   3.42   2.65   3.23   1.24   1.80   1.43   2.41   2.14
200610   5.69   4.71   3.71   4.35   3.18   3.50   1.41   4.71   2.75   6.46
200611   5.54   3.30   1.83   2.83   1.29   0.37   2.13   1.90   2.97   2.31
200612  -0.74  -0.37   0.68   1.75   2.79   2.18   0.83   0.80   1.32   0.91
200701   2.74   2.58   0.98   0.44   2.09   1.91   1.55   2.75   1.72   3.06
200702  -0.18   1.21  -1.74  -0.44  -2.53  -0.56  -1.74  -2.76  -1.68  -2.71
200703  -1.14  -0.53   0.53   0.51   0.33  -0.03   1.44   2.34   3.85   1.71
200704   3.54   5.01   4.50   3.48   4.93   4.50   3.09   4.45   4.23   2.14
200705   3.24   3.97   3.56   4.15   2.78   4.58   3.04   4.09   2.92   5.45
200706  -2.87  -2.54   0.09  -1.60  -1.93  -1.04  -1.83  -1.22  -1.74  -1.42
200707  -4.35  -5.07  -5.87  -3.64  -2.38  -4.07  -4.58  -1.19  -2.80  -1.52
200708  -1.10   2.49   2.16   1.07   1.15   0.46   1.48   2.08   2.07   1.82
200709   2.29   0.77   1.16   1.84   2.52   3.62   3.66   6.06   4.30   7.91
200710  -1.23  -0.80  -1.24   0.15   4.25   0.86   3.72   3.52   1.45   7.93
200711 -13.40  -8.58  -3.77  -4.28  -5.97  -2.28  -2.53  -3.48  -5.55  -5.52
200712  -6.84  -6.65  -5.95  -3.37  -2.59  -0.65   0.19   2.32   0.91   4.28
200801   3.17  -0.58  -3.45  -0.17  -1.89  -4.57  -6.46  -7.18  -8.78 -13.39
200802 -12.50  -7.88  -8.10  -7.43  -1.66  -2.32  -2.67  -3.50  -0.16   2.51
200803  -9.67  -5.43  -4.15  -0.19  -1.76  -1.67   1.39   1.18  -0.56  -0.28
200804   8.13   7.89   5.53   4.81   4.80   1.12   0.86   4.79   5.75   9.81
200805  -2.43  -0.59  -0.70   0.88  -0.50   3.19   2.37   2.04   1.77   7.02
200806 -20.47 -18.18 -16.64 -12.45  -9.43 -10.18  -9.22  -6.93  -4.76  -0.27
200807   2.02  -0.40   7.52   4.16   2.18   3.42  -1.05   0.53  -3.39  -9.91
200808  -6.58   3.14   6.82   2.42   3.26   2.38   3.07   0.79   0.75  -2.90
200809 -23.12 -12.52  -7.04  -9.86  -7.21  -5.99  -2.75  -7.29 -12.47 -15.19
200810 -26.09 -24.92 -23.37 -18.38 -13.97 -16.84 -15.42 -14.29 -16.84 -14.95
200811 -20.25 -17.31 -12.62  -5.55  -9.20  -6.75  -1.53  -5.41  -8.66  -8.58
200812   4.05   8.90   4.37   3.60   1.74   1.56   2.26  -0.73   0.66   0.78
200901  -8.23 -10.03  -6.69  -7.26 -12.47  -8.32  -4.95  -8.07  -5.97 -12.00
200902 -25.35 -16.80  -7.76 -16.58  -8.66  -8.57  -9.69  -9.44 -11.30  -4.54
200903  44.14  14.18  13.93  11.73  12.38  10.49   9.81   8.87   4.25   4.83
200904  45.77  35.67  34.03  21.42  20.81  15.58   9.68   4.61   2.98  -0.12
200905  21.41  17.31  10.76  10.67   9.24   6.98   1.89   4.47   1.10   2.34
200906  -6.12  -1.94  -6.98  -0.91  -0.42   1.10   2.05   0.54   2.01   3.04
200907  12.26  11.72  11.15  10.99   9.99   8.26   5.95   6.30   6.75   5.66
200908  25.02   9.50   4.42   5.07   3.41   3.64   2.14   2.41   2.10   0.22
200909   8.87   9.12   6.13   4.89   3.83   5.50   2.65   2.90   3.29   5.11
200910 -13.30  -6.56  -4.20  -1.36  -2.64  -0.92  -1.43  -1.96  -0.63  -4.08
200911   5.02   6.99   5.22   5.82   4.70   5.80   4.90   4.83   5.68   6.49
200912   1.40  -1.27   2.00   3.13   3.31   3.69   4.18   4.66   4.83   6.55
201001   1.99  -2.05   0.27  -2.47  -2.43  -4.03  -4.82  -6.04  -7.69  -6.70
201002   1.43   1.57   1.88   1.57   3.11   4.73   5.61   4.05   5.98   8.47
201003   4.65   5.22   4.43   4.96   5.41   5.31   8.51  11.32  10.17   8.69
201004   0.68   0.71   2.70  -0.23   1.28   1.65   2.71   6.10   3.69   7.09
201005  -8.95  -7.51  -7.73  -6.50  -7.97  -8.87  -8.04  -8.27  -7.58  -9.39
201006  -6.67  -3.89  -3.47  -3.25  -5.24  -7.77  -7.27  -6.74  -6.64 -10.88
201007   6.86   7.33   7.21   5.69   5.61   6.58   8.75   8.05   7.75  10.12
201008  -3.90  -4.57  -4.37  -6.22  -4.01  -4.95  -3.35  -4.22  -6.00  -5.24
201009  11.79   8.66   9.65   8.60   9.56   7.56   9.45   9.83  12.55  13.64
201010   3.36   2.73   1.66   5.77   3.71   4.42   2.67   2.98   4.99   5.53
201011  -0.68  -0.25   0.52  -1.13   0.36   0.43   0.08   2.36   1.53   6.20
201012  13.61   8.19   6.93   6.65   7.16   5.04   5.56   6.65   5.92   4.42
201101   4.11   3.05   0.69   3.34   2.76   0.17   1.83  -0.65   2.55   0.89
201102   1.36   0.96   3.10   4.13   3.28   5.77   5.72   3.81   3.43   4.09
201103  -2.14  -0.80  -0.41  -0.35   1.60   0.60   0.41   1.53   1.20   3.24
201104  -0.12   4.22   2.39   1.63   3.53   3.64   3.90   2.75   1.51   3.28
201105  -3.57  -1.04   0.16  -1.65  -0.85  -0.84  -1.20  -1.81  -1.45  -2.87
201106  -5.32  -1.52  -2.54  -1.75  -1.27  -1.64  -1.48  -1.94  -0.98   0.02
201107  -4.11  -1.37  -1.07  -3.84  -4.25  -0.13  -3.30  -3.50  -1.58  -1.45
201108 -13.87  -7.79  -3.84  -4.81  -4.64  -3.81  -5.93  -6.27  -8.35  -8.31
201109 -11.81  -6.90  -7.00  -5.60  -6.57  -7.13  -6.24  -9.45  -7.86 -15.94
201110  15.90  16.93  13.31  12.44  11.36   9.22  10.16   9.37  10.39  14.20
201111  -7.56  -4.25  -1.08  -1.85   1.47   0.46  -0.37   1.91   1.36  -1.27
201112  -3.03  -1.87  -2.08   1.63  -0.65   2.63   1.80  -0.05   1.66  -1.08
201201  18.47  10.66  10.72   7.58   8.52   3.82   3.04   2.18   3.61   2.76
201202   6.58   5.01   4.79   3.74   3.79   5.00   3.74   2.73   5.62   5.66
201203   4.07   1.89   2.33   1.86   3.54   1.56   2.74   2.92   4.07   5.11
201204  -6.33  -6.18  -1.41  -2.25  -1.70  -0.69  -0.11  -0.05   0.38   0.39
201205 -13.29 -12.76 -11.14  -8.27  -6.69  -6.48  -5.60  -2.12  -5.03  -4.81
201206   3.49   2.66   4.96   3.95   3.44   4.49   5.99   3.48   4.12   2.00
201207  -2.01  -2.55  -0.09   0.21  -0.10   1.13   1.73  -0.59   1.82   2.48
201208   2.19   5.87   4.39   3.98   4.97   3.20   2.05   1.55  -0.46   3.81
201209   3.62   4.44   4.04   3.58   1.35   1.10   3.37   2.22   2.89   2.27
201210  -4.09  -0.28  -0.33  -1.22  -0.61  -1.77  -3.04  -0.96  -0.63  -5.96
201211  -1.51   0.36   0.16   1.15   0.50  -0.08   1.20   0.85   0.93   1.47
201212   6.22   3.77   3.43   1.80   2.52  -0.46   0.65   0.62  -0.32   1.98
201301   9.49   7.53   6.42   5.75   6.00   7.04   5.33   5.91   0.85   5.86
201302  -1.08  -0.70   0.26   0.73   1.54   2.03   1.67   1.43   1.78   1.92
201303   5.63   2.29   4.60   3.43   3.86   4.64   2.90   5.05   5.33   5.48
201304   0.86   3.13  -0.22   1.25   1.95   2.25   1.34   2.45   1.35  -0.10
201305   4.24   3.56   4.29   1.77   3.20   2.32   1.44   2.71   2.55   4.68
201306  -6.93  -1.91   0.09  -0.25  -1.58  -1.03   0.49   0.17  -2.85  -4.20
201307  12.04   3.15   3.70   4.06   5.84   5.81   5.68   4.87   8.01  10.05
201308   3.02  -3.22  -3.66  -2.70  -1.50  -3.66  -3.64  -2.88  -3.28  -2.26
201309   1.04   1.94   3.28   3.05   3.49   5.30   4.18   5.13   5.01   7.40
201310   5.19   2.81   3.26   6.89   5.01   3.99   4.15   4.23   3.73   2.33
201311   2.97   2.13   2.88   3.23   3.89   3.43   2.13   3.76   3.76   3.41
201312   2.89   3.49   1.81   1.65   2.66   1.58   3.47   2.22   3.99   2.72
201401  -3.92  -4.52  -5.33  -2.78  -3.76  -2.87  -4.01  -3.32  -1.99   1.73
201402   4.89   3.31   3.97   3.85   4.35   4.08   4.20   5.57   7.81   6.31
201403   1.50   2.27   1.79   1.64   2.68   1.40   0.74   0.29  -2.42  -6.13
201404   1.21   2.75   2.10   1.91   0.59   0.19  -1.04  -2.50  -1.81  -3.29
201405   0.76   0.10   1.19   1.58   1.62   2.93   3.13   2.37   2.99   3.70
201406   5.51   1.92   3.07   1.16   2.60   2.22   2.37   2.26   2.69   5.68
201407  -2.99  -0.48  -1.60  -2.05  -1.98  -2.49  -2.78  -2.31  -2.79  -0.66